0.318 0.005
0.303 0.005
0.303 0.005
0.336 0.01
0.3135 0.01
0.306 0.01
0.354 0.015
0.32775 0.015
0.31275 0.015
0.372 0.02
0.343875 0.02
0.32325 0.02
0.39 0.025
0.360938 0.025
0.336562 0.025
0.408 0.03
0.378469 0.03
0.35175 0.03
0.426 0.035
0.396234 0.035
0.368109 0.035
0.444 0.04
0.414117 0.04
0.385172 0.04
0.462 0.045
0.432059 0.045
0.402645 0.045
0.48 0.05
0.450029 0.05
0.420352 0.05
0.498 0.055
0.468015 0.055
0.43819 0.055
0.516 0.06
0.486007 0.06
0.456103 0.06
0.534 0.065
0.504004 0.065
0.474055 0.065
0.552 0.07
0.522002 0.07
0.492029 0.07
0.57 0.075
0.540001 0.075
0.510016 0.075
0.588 0.08
0.558001 0.08
0.528008 0.08
1 0.085
0.576 0.085
0.546004 0.085
0.118 0.09
0.341 0.09
0.564002 0.09
0.136 0.095
0.2325 0.095
0.455501 0.095
0.154 0.1
0.18725 0.1
0.347001 0.1
0.172 0.105
0.173625 0.105
0.270125 0.105
0.19 0.11
0.175813 0.11
0.224875 0.11
0.208 0.115
0.185906 0.115
0.203344 0.115
0.226 0.12
0.199953 0.12
0.197625 0.12
0.244 0.125
0.215977 0.125
0.201789 0.125
0.262 0.13
0.232988 0.13
0.211883 0.13
0.28 0.135
0.250494 0.135
0.225436 0.135
0.298 0.14
0.268247 0.14
0.240965 0.14
0.316 0.145
0.286124 0.145
0.257606 0.145
0.334 0.15
0.304062 0.15
0.274865 0.15
0.352 0.155
0.322031 0.155
0.292463 0.155
0.37 0.16
0.340016 0.16
0.310247 0.16
0.388 0.165
0.358008 0.165
0.328131 0.165
0.406 0.17
0.376004 0.17
0.34607 0.17
0.424 0.175
0.394002 0.175
0.364037 0.175
0.442 0.18
0.412001 0.18
0.382019 0.18
0.46 0.185
0.430001 0.185
0.40001 0.185
0.478 0.19
0.448 0.19
0.418005 0.19
0.496 0.195
0.466 0.195
0.436003 0.195
0.514 0.2
0.484 0.2
0.454002 0.2
0.532 0.205
0.502 0.205
0.472001 0.205
0.55 0.21
0.52 0.21
0.49 0.21
0.568 0.215
0.538 0.215
0.508 0.215
0.586 0.22
0.556 0.22
0.526 0.22
1 0.225
0.574 0.225
0.544 0.225
0.118 0.23
0.34 0.23
0.562 0.23
0.136 0.235
0.232 0.235
0.454 0.235
0.154 0.24
0.187 0.24
0.346 0.24
0.172 0.245
0.1735 0.245
0.2695 0.245
0.19 0.25
0.17575 0.25
0.2245 0.25
0.208 0.255
0.185875 0.255
0.203125 0.255
0.226 0.26
0.199938 0.26
0.1975 0.26
0.244 0.265
0.215969 0.265
0.201719 0.265
0.262 0.27
0.232984 0.27
0.211844 0.27
0.28 0.275
0.250492 0.275
0.225414 0.275
0.298 0.28
0.268246 0.28
0.240953 0.28
0.316 0.285
0.286123 0.285
0.2576 0.285
0.334 0.29
0.304062 0.29
0.274861 0.29
0.352 0.295
0.322031 0.295
0.292462 0.295
0.37 0.3
0.340015 0.3
0.310246 0.3
0.388 0.305
0.358008 0.305
0.328131 0.305
0.406 0.31
0.376004 0.31
0.346069 0.31
0.424 0.315
0.394002 0.315
0.364037 0.315
0.442 0.32
0.412001 0.32
0.382019 0.32
0.46 0.325
0.430001 0.325
0.40001 0.325
0.478 0.33
0.448 0.33
0.418005 0.33
0.496 0.335
0.466 0.335
0.436003 0.335
0.514 0.34
0.484 0.34
0.454002 0.34
0.532 0.345
0.502 0.345
0.472001 0.345
0.55 0.35
0.52 0.35
0.49 0.35
0.568 0.355
0.538 0.355
0.508 0.355
0.586 0.36
0.556 0.36
0.526 0.36
1 0.365
0.574 0.365
0.544 0.365
0.118 0.37
0.34 0.37
0.562 0.37
0.136 0.375
0.232 0.375
0.454 0.375
0.154 0.38
0.187 0.38
0.346 0.38
0.172 0.385
0.1735 0.385
0.2695 0.385
0.19 0.39
0.17575 0.39
0.2245 0.39
0.208 0.395
0.185875 0.395
0.203125 0.395
0.226 0.4
0.199938 0.4
0.1975 0.4
0.244 0.405
0.215969 0.405
0.201719 0.405
0.262 0.41
0.232984 0.41
0.211844 0.41
0.28 0.415
0.250492 0.415
0.225414 0.415
0.298 0.42
0.268246 0.42
0.240953 0.42
0.316 0.425
0.286123 0.425
0.2576 0.425
0.334 0.43
0.304062 0.43
0.274861 0.43
0.352 0.435
0.322031 0.435
0.292462 0.435
0.37 0.44
0.340015 0.44
0.310246 0.44
0.388 0.445
0.358008 0.445
0.328131 0.445
0.406 0.45
0.376004 0.45
0.346069 0.45
0.424 0.455
0.394002 0.455
0.364037 0.455
0.442 0.46
0.412001 0.46
0.382019 0.46
0.46 0.465
0.430001 0.465
0.40001 0.465
0.478 0.47
0.448 0.47
0.418005 0.47
0.496 0.475
0.466 0.475
0.436003 0.475
0.514 0.48
0.484 0.48
0.454002 0.48
0.532 0.485
0.502 0.485
0.472001 0.485
0.55 0.49
0.52 0.49
0.49 0.49
0.568 0.495
0.538 0.495
0.508 0.495
0.586 0.5
0.556 0.5
0.526 0.5
1 0.505
0.574 0.505
0.544 0.505
0.118 0.51
0.34 0.51
0.562 0.51
0.136 0.515
0.232 0.515
0.454 0.515
0.154 0.52
0.187 0.52
0.346 0.52
0.172 0.525
0.1735 0.525
0.2695 0.525
0.19 0.53
0.17575 0.53
0.2245 0.53
0.208 0.535
0.185875 0.535
0.203125 0.535
0.226 0.54
0.199938 0.54
0.1975 0.54
0.244 0.545
0.215969 0.545
0.201719 0.545
0.262 0.55
0.232984 0.55
0.211844 0.55
0.28 0.555
0.250492 0.555
0.225414 0.555
0.298 0.56
0.268246 0.56
0.240953 0.56
0.316 0.565
0.286123 0.565
0.2576 0.565
0.334 0.57
0.304062 0.57
0.274861 0.57
0.352 0.575
0.322031 0.575
0.292462 0.575
0.37 0.58
0.340015 0.58
0.310246 0.58
0.388 0.585
0.358008 0.585
0.328131 0.585
0.406 0.59
0.376004 0.59
0.346069 0.59
0.424 0.595
0.394002 0.595
0.364037 0.595
0.442 0.6
0.412001 0.6
0.382019 0.6
0.46 0.605
0.430001 0.605
0.40001 0.605
0.478 0.61
0.448 0.61
0.418005 0.61
0.496 0.615
0.466 0.615
0.436003 0.615
0.514 0.62
0.484 0.62
0.454002 0.62
0.532 0.625
0.502 0.625
0.472001 0.625
0.55 0.63
0.52 0.63
0.49 0.63
0.568 0.635
0.538 0.635
0.508 0.635
0.586 0.64
0.556 0.64
0.526 0.64
1 0.645
0.574 0.645
0.544 0.645
0.118 0.65
0.34 0.65
0.562 0.65
0.136 0.655
0.232 0.655
0.454 0.655
0.154 0.66
0.187 0.66
0.346 0.66
0.172 0.665
0.1735 0.665
0.2695 0.665
0.19 0.67
0.17575 0.67
0.2245 0.67
0.208 0.675
0.185875 0.675
0.203125 0.675
0.226 0.68
0.199938 0.68
0.1975 0.68
0.244 0.685
0.215969 0.685
0.201719 0.685
0.262 0.69
0.232984 0.69
0.211844 0.69
0.28 0.695
0.250492 0.695
0.225414 0.695
0.298 0.7
0.268246 0.7
0.240953 0.7
0.316 0.705
0.286123 0.705
0.2576 0.705
0.334 0.71
0.304062 0.71
0.274861 0.71
0.352 0.714999
0.322031 0.714999
0.292462 0.714999
0.37 0.719999
0.340015 0.719999
0.310246 0.719999
0.388 0.724999
0.358008 0.724999
0.328131 0.724999
0.406 0.729999
0.376004 0.729999
0.346069 0.729999
0.424 0.734999
0.394002 0.734999
0.364037 0.734999
0.442 0.739999
0.412001 0.739999
0.382019 0.739999
0.46 0.744999
0.430001 0.744999
0.40001 0.744999
0.478 0.749999
0.448 0.749999
0.418005 0.749999
0.496 0.754999
0.466 0.754999
0.436003 0.754999
0.514 0.759999
0.484 0.759999
0.454002 0.759999
0.532 0.764999
0.502 0.764999
0.472001 0.764999
0.55 0.769999
0.52 0.769999
0.49 0.769999
0.568 0.774999
0.538 0.774999
0.508 0.774999
0.586 0.779999
0.556 0.779999
0.526 0.779999
1 0.784999
0.574 0.784999
0.544 0.784999
0.118 0.789999
0.34 0.789999
0.562 0.789999
0.136 0.794999
0.232 0.794999
0.454 0.794999
0.154 0.799999
0.187 0.799999
0.346 0.799999
0.172 0.804999
0.1735 0.804999
0.2695 0.804999
0.19 0.809999
0.17575 0.809999
0.2245 0.809999
0.208 0.814999
0.185875 0.814999
0.203125 0.814999
0.226 0.819999
0.199938 0.819999
0.1975 0.819999
0.244 0.824999
0.215969 0.824999
0.201719 0.824999
0.262 0.829999
0.232984 0.829999
0.211844 0.829999
0.28 0.834999
0.250492 0.834999
0.225414 0.834999
0.298 0.839999
0.268246 0.839999
0.240953 0.839999
0.316 0.844999
0.286123 0.844999
0.2576 0.844999
0.334 0.849999
0.304062 0.849999
0.274861 0.849999
0.352 0.854999
0.322031 0.854999
0.292462 0.854999
0.37 0.859999
0.340015 0.859999
0.310246 0.859999
0.388 0.864999
0.358008 0.864999
0.328131 0.864999
0.406 0.869999
0.376004 0.869999
0.346069 0.869999
0.424 0.874999
0.394002 0.874999
0.364037 0.874999
0.442 0.879999
0.412001 0.879999
0.382019 0.879999
0.46 0.884999
0.430001 0.884999
0.40001 0.884999
0.478 0.889999
0.448 0.889999
0.418005 0.889999
0.496 0.894999
0.466 0.894999
0.436003 0.894999
0.514 0.899999
0.484 0.899999
0.454002 0.899999
0.532 0.904999
0.502 0.904999
0.472001 0.904999
0.55 0.909999
0.52 0.909999
0.49 0.909999
0.568 0.914999
0.538 0.914999
0.508 0.914999
0.586 0.919999
0.556 0.919999
0.526 0.919999
1 0.924999
0.574 0.924999
0.544 0.924999
0.118 0.929999
0.34 0.929999
0.562 0.929999
0.136 0.934999
0.232 0.934999
0.454 0.934999
0.154 0.939999
0.187 0.939999
0.346 0.939999
0.172 0.944999
0.1735 0.944999
0.2695 0.944999
0.19 0.949999
0.17575 0.949999
0.2245 0.949999
0.208 0.954999
0.185875 0.954999
0.203125 0.954999
0.226 0.959999
0.199938 0.959999
0.1975 0.959999
0.244 0.964999
0.215969 0.964999
0.201719 0.964999
0.262 0.969999
0.232984 0.969999
0.211844 0.969999
0.28 0.974999
0.250492 0.974999
0.225414 0.974999
0.298 0.979999
0.268246 0.979999
0.240953 0.979999
0.316 0.984999
0.286123 0.984999
0.2576 0.984999
0.334 0.989999
0.304062 0.989999
0.274861 0.989999
0.352 0.994999
0.322031 0.994999
0.292462 0.994999
0.37 0.999999
0.340015 0.999999
0.310246 0.999999
0.388 1.005
0.358008 1.005
0.328131 1.005
