100
0 41 31.661155286
0 67 25.1885074988
0 70 1.71285013712
0 72 38.4432091827
0 82 5.48031655497
1 5 10.0345928131
1 33 44.6547061775
1 74 30.8900028769
2 4 47.2478585427
2 31 7.71423776769
2 32 20.1892543543
2 45 31.5869589186
2 51 40.5790524724
2 77 39.7361643675
2 82 21.0874623938
3 5 7.52543451611
3 72 24.7731267356
3 84 23.6342036634
4 34 46.6282627157
4 44 27.0021788389
4 45 16.0125332992
5 4 18.0599141569
5 76 46.0887421021
5 81 36.2545585201
5 82 30.2418974137
6 60 28.6397120582
6 69 34.6881775661
6 86 38.0842684909
7 6 45.698267111
7 38 29.4890187262
7 76 15.0539522576
7 77 26.2924354524
7 97 25.9810839184
8 1 2.16128721752
8 57 27.7936677621
8 62 23.9740337777
8 64 7.42778401936
8 84 29.7919884504
9 37 23.7379836845
9 52 9.86751889412
9 59 9.03915662977
9 73 15.7405151067
10 1 23.4452261664
10 78 13.4306511083
11 1 13.1465758382
11 19 3.8819708765
11 37 43.4064800649
11 47 29.7009949503
11 49 49.1350101621
11 69 5.67770078471
11 87 48.9581372393
12 70 3.26962388099
12 73 17.4406958784
12 76 8.15472843011
13 21 26.9791554245
13 22 12.0691560342
13 54 39.3257068972
14 57 49.7404970786
14 64 12.0578538089
14 65 33.2107745056
14 70 32.77899097
15 50 23.2565121563
15 73 43.0299239015
16 0 1.15951164026
16 5 32.7308776487
16 10 46.4781099621
16 32 46.1869190611
16 37 5.93485295807
16 48 35.9469532924
16 75 42.7968946743
17 0 43.5403537673
17 27 24.1371011847
17 44 6.79355005274
17 52 28.4048773755
17 55 21.1198934313
17 65 48.9737617268
18 0 40.251806394
18 44 2.82586025757
18 76 3.3760123881
18 94 28.6091806678
19 21 32.9440107402
19 31 14.7856773551
19 34 8.42001374463
19 53 33.3256222433
19 83 1.21219725301
20 9 42.1195495667
20 40 4.36515145118
20 55 31.2659844736
20 64 21.5575414153
21 11 14.7034563813
21 44 42.8573959695
21 65 43.4035874359
21 93 45.4244095763
22 6 12.1210432704
22 9 41.609206936
22 45 46.3288279001
22 64 38.225564146
22 70 44.4986529044
23 8 26.4729721264
23 12 33.1112106136
23 29 10.9113095025
23 98 8.7427409613
24 9 0.285917547425
24 21 7.45353848993
24 70 40.0712018042
24 75 7.23002229191
25 29 31.5187799425
25 46 26.1616454397
25 90 27.7388172208
25 92 26.6218465395
26 21 41.1148399521
26 23 7.87599211411
26 38 0.826560184804
26 53 27.2003606041
26 58 2.21378637067
27 5 39.2882098339
27 37 33.6976806013
27 71 1.59836128625
27 92 14.9980310559
27 96 40.0524408456
28 61 19.8240502766
28 66 20.2943711126
28 71 31.504099109
28 88 29.1597934255
29 50 8.79069905639
29 81 45.0130078483
29 99 22.5064588413
30 1 15.1429966815
30 59 27.4101599114
31 18 12.4399280765
31 39 13.0484800033
31 81 39.7246145074
31 88 38.5978145505
31 95 28.2021307825
32 62 32.5719084085
32 63 22.6595141285
32 70 42.4455091882
32 90 17.3871410353
33 24 46.3519084232
33 57 44.9421602576
33 83 25.391117925
33 99 28.0092616874
34 9 27.8115386877
34 16 38.8651746717
34 33 13.6533483178
34 56 4.86475891258
35 6 20.36178063
35 39 21.4492122332
35 55 15.8495662595
35 74 15.7502945283
35 76 48.7122069281
35 91 44.3218868381
36 1 16.0960118869
36 16 20.4519331958
36 26 15.7515832646
36 65 13.405016309
37 40 24.9625948663
37 73 24.9652915712
37 82 38.192956932
38 9 28.4744168368
38 93 12.4023499214
39 30 10.2588467556
39 34 0.97828323398
39 49 20.8736563387
39 60 22.2186844538
39 61 17.9092103957
39 69 19.5743679642
40 18 15.8429982741
40 60 43.9535957175
40 80 20.9955209498
41 55 20.9585532486
41 70 2.06624452633
41 80 37.4594756136
42 3 45.8618500015
42 7 46.8087605877
42 62 17.2148745247
42 64 36.5378206341
42 75 36.3212066848
43 59 42.4273940419
43 64 48.1675061723
43 86 43.9270922791
44 7 2.3709736974
44 95 48.02543581
45 8 43.5861350557
45 68 16.6816390277
45 92 18.1555145814
46 18 37.0045666996
46 55 17.4301409463
46 89 26.7008421509
46 93 45.5067816162
46 94 6.22832945193
47 59 32.6805862218
47 63 27.3146433078
48 19 37.4877443618
48 35 7.24889403482
48 47 28.3499454337
48 79 39.1412304285
48 85 14.9455785743
48 97 29.6696272869
49 57 34.1280725725
49 69 24.113692859
49 77 42.0101025797
50 12 8.89803121368
50 19 34.8099523077
50 84 13.2564173787
51 7 15.0248411006
51 70 47.603560848
51 88 2.12950118042
51 92 10.1425340535
52 58 36.638451365
52 80 45.3786978545
53 7 26.9060435568
53 13 28.2148224159
53 22 30.5400254895
53 23 17.9534683167
53 43 15.6072646837
53 71 24.7838526004
53 92 13.9055645965
53 93 36.7799258762
53 96 44.2445329647
54 10 45.1837358809
54 21 26.1893916814
54 22 19.2872270015
54 34 3.54297325892
54 36 4.365942663
55 23 48.6181287618
55 42 15.1890648265
55 47 12.6612632737
55 59 6.99714161918
55 75 43.7617732425
55 92 37.6576266425
55 95 12.9696787036
56 54 48.2660241291
56 59 17.2244189996
56 86 27.6111145004
57 3 44.0288945649
57 58 3.69671988251
58 9 37.018111846
58 75 15.0087118568
58 78 48.9324327025
58 80 40.2435867986
58 82 27.3782027653
59 2 30.5441589549
59 21 22.0404467315
59 29 47.1267447245
59 38 40.5809235279
59 44 24.1073319415
59 64 42.6002171251
59 77 18.3800682335
60 11 15.1164318254
60 67 32.2706756074
60 88 11.6029646252
61 18 38.178260806
61 21 25.2919101817
61 29 17.4192252337
61 32 16.1880000818
61 55 19.0536294718
61 98 0.267369463974
62 33 3.29337348598
62 58 1.54227264528
63 77 41.8747976242
63 78 1.57093408222
63 96 2.72222442661
64 2 15.5765242779
65 19 9.93782872409
65 57 10.0764286958
65 59 28.9746536435
65 62 25.2859307597
65 71 4.25508558409
65 83 38.1960008472
65 95 49.6142693228
66 0 22.0219906096
66 41 42.8215813175
66 56 23.1575114337
67 21 46.0184153127
67 45 25.5654554021
67 58 4.39943709295
67 61 25.7708335354
68 28 5.64316908225
68 30 7.88933873437
68 36 14.9052736914
69 55 23.7375469803
70 7 12.1304225228
70 16 15.6885975534
70 19 22.1897310029
70 27 23.1075545401
70 65 16.9198913211
70 66 27.4328811491
71 22 43.7422852698
72 2 17.5648540393
72 9 46.3001873011
72 14 22.325114664
72 79 16.8427759263
73 14 36.1622923558
73 46 14.1612936249
73 48 13.1113856673
73 80 0.744801518849
73 99 19.3442221568
74 17 5.35363408585
74 29 7.78306789199
74 48 20.3555089962
74 72 10.2629520987
74 76 9.20404764133
75 9 10.0969838362
75 17 31.70102388
75 18 14.2612128767
75 86 47.3485463502
75 91 26.5981477282
76 30 22.5663613654
76 73 3.30806802175
77 54 38.9487560894
78 44 34.1939191415
78 82 34.8583310781
79 5 6.24140611236
79 24 34.3830222663
79 40 32.4824741921
79 69 49.8438831448
79 76 22.4513144369
80 6 13.6927733282
80 15 7.77275706633
80 21 39.3802783361
80 38 49.1043164627
80 39 36.0192898067
81 7 8.70931938786
81 16 38.5966431384
81 25 9.45658691509
81 38 37.9211600302
81 79 34.1967274765
81 84 40.6957758455
82 36 48.6830743229
82 38 44.1123288785
82 67 18.0217235234
82 81 42.5909478473
82 92 49.3493883435
82 98 22.9997758758
83 15 36.3287803618
83 60 30.0496152921
83 84 33.9258827641
84 88 46.9425328313
85 3 35.1300835068
85 5 0.970744839028
85 37 10.9758371328
85 60 5.11602063626
85 98 6.72197590249
86 18 45.5657363499
86 41 2.53570343338
86 49 30.2423490145
87 28 49.6404170386
87 35 49.1313396651
87 43 44.8251164066
87 66 5.49455086541
87 88 46.1870550459
88 18 21.7617119894
88 33 5.81911160636
88 48 31.2962438028
88 50 17.256891503
88 89 21.0688326385
89 16 24.5257140307
89 52 8.28871313551
89 82 22.4558617302
90 37 28.2619251503
90 73 47.851882851
90 78 3.51803946064
90 84 15.941932614
90 87 36.7729839789
90 99 32.8645478958
91 8 9.59443234583
91 34 49.5853699048
91 77 47.3346119465
91 89 39.1069930427
92 40 27.9126939252
93 33 19.3892240815
93 80 28.1479539872
93 95 46.3900999809
94 21 44.1045852406
94 43 32.9128664263
94 47 25.2546723812
94 50 37.9546552485
94 54 6.9280467386
94 57 18.3501501076
94 73 23.6626238892
94 76 29.3264283373
95 30 20.1103633902
95 64 31.6498201901
95 77 15.2746441477
95 86 24.3617547211
95 97 19.7314521256
96 37 3.69061960434
96 43 8.99858889636
96 87 19.2039226392
97 13 43.6207381816
97 33 48.3043897888
97 36 35.8054634648
97 83 3.03980405244
97 87 49.3867902189
98 81 5.93971940058
99 21 35.4225915308
99 94 47.2477474914
