0 0.0639508
8 0.0639508
11 0.0639508
0 0.166346
0 0.268738
8 0.268738
5 0.268788
12 0.268788
2 0.268838
0 0.371155
8 0.371155
11 0.371155
18 0.371155
19 0.371155
4 0.371205
0 0.45692
8 0.45692
5 0.45697
0 0.559337
0 0.661754
8 0.661754
11 0.661754
0 0.764171
19 0.764171
2 0.764221
8 0.764221
5 0.764271
12 0.764271
0 0.866588
0 0.969005
8 0.969005
11 0.969005
0 1.07134
19 1.07134
2 1.07139
4 1.07139
7 1.07139
8 1.07139
17 1.07139
5 1.07144
12 1.07144
0 1.14256
0 1.24486
8 1.24486
11 1.24486
18 1.24486
0 1.29885
19 1.29885
2 1.2989
8 1.2989
1 1.29895
4 1.29895
5 1.29895
10 1.29895
14 1.29895
17 1.29895
16 1.299
18 1.299
3 1.29905
5 1.29905
7 1.29905
12 1.29905
0 1.2991
8 1.2991
11 1.2991
0 1.4014
0 1.50369
8 1.50369
19 1.50369
2 1.50374
5 1.50374
8 1.50374
11 1.50374
1 1.50379
4 1.50379
14 1.50379
17 1.50379
0 1.60599
0 1.70828
8 1.70828
5 1.70833
12 1.70833
0 1.81058
19 1.81058
2 1.81063
8 1.81063
11 1.81063
18 1.81063
0 1.86192
0 1.96422
8 1.96422
1 1.96427
4 1.96427
5 1.96427
12 1.96427
14 1.96427
17 1.96427
0 2.06667
19 2.06667
2 2.06672
8 2.06672
11 2.06672
0 2.16921
0 2.27175
8 2.27175
19 2.27175
4 2.2718
5 2.2718
7 2.2718
8 2.2718
11 2.2718
12 2.2718
18 2.2718
1 2.27185
2 2.27185
14 2.27185
17 2.27185
4 2.2719
16 2.2719
3 2.27195
5 2.27195
18 2.27195
0 2.272
8 2.272
0 2.37454
0 2.47708
8 2.47708
11 2.47708
19 2.47708
5 2.47713
7 2.47713
8 2.47713
12 2.47713
1 2.47718
2 2.47718
4 2.47718
14 2.47718
17 2.47718
0 2.54132
8 2.54132
11 2.54132
18 2.54132
5 2.54137
0 2.58748
19 2.58748
4 2.58753
8 2.58753
9 2.58753
0 2.69002
0 2.79256
8 2.79256
11 2.79256
19 2.79256
1 2.79261
2 2.79261
4 2.79261
5 2.79261
8 2.79261
12 2.79261
14 2.79261
17 2.79261
0 2.8951
0 2.99764
8 2.99764
11 2.99764
18 2.99764
19 2.99764
2 2.99769
4 2.99769
5 2.99769
7 2.99769
8 2.99769
12 2.99769
0 2.99774
1 2.99774
3 2.99774
5 2.99774
14 2.99774
17 2.99774
4 2.99779
16 2.99779
18 2.99779
3 2.99784
5 2.99784
7 2.99784
8 2.99784
11 2.99784
12 2.99784
18 2.99784
0 2.99789
2 2.99789
8 2.99789
19 2.99789
5 2.99794
0 3.10042
8 3.10042
11 3.10042
1 3.10047
4 3.10047
14 3.10047
17 3.10047
0 3.20296
19 3.20296
2 3.20301
4 3.20301
8 3.20301
5 3.20306
12 3.20306
0 3.3055
0 3.40804
8 3.40804
11 3.40804
18 3.40804
19 3.40804
2 3.40809
7 3.40809
8 3.40809
0 3.40814
1 3.40814
4 3.40814
5 3.40814
12 3.40814
14 3.40814
17 3.40814
16 3.40819
18 3.40819
3 3.40824
5 3.40824
0 3.40829
8 3.40829
11 3.40829
18 3.40829
19 3.40829
2 3.40834
4 3.40834
7 3.40834
8 3.40834
0 3.40839
5 3.40839
12 3.40839
0 3.51093
8 3.51093
11 3.51093
19 3.51093
1 3.51098
2 3.51098
4 3.51098
8 3.51098
9 3.51098
14 3.51098
17 3.51098
5 3.51103
12 3.51103
0 3.61347
0 3.71601
8 3.71601
11 3.71601
18 3.71601
19 3.71601
2 3.71606
4 3.71606
8 3.71606
1 3.71611
3 3.71611
5 3.71611
7 3.71611
12 3.71611
14 3.71611
17 3.71611
0 3.71616
4 3.71616
8 3.71616
11 3.71616
16 3.71616
18 3.71616
3 3.71621
5 3.71621
0 3.71626
19 3.71626
2 3.71631
7 3.71631
8 3.71631
0 3.77254
0 3.87508
8 3.87508
11 3.87508
18 3.87508
19 3.87508
1 3.87513
4 3.87513
5 3.87513
12 3.87513
14 3.87513
17 3.87513
2 3.87518
8 3.87518
0 3.90907
0 4.01161
8 4.01161
11 4.01161
19 4.01161
4 4.01166
5 4.01166
7 4.01166
8 4.01166
12 4.01166
18 4.01166
0 4.01171
1 4.01171
2 4.01171
3 4.01171
5 4.01171
8 4.01171
11 4.01171
14 4.01171
17 4.01171
18 4.01171
0 4.01176
4 4.01176
16 4.01176
19 4.01176
3 4.01181
5 4.01181
7 4.01181
8 4.01181
12 4.01181
18 4.01181
0 4.01186
2 4.01186
8 4.01186
11 4.01186
1 4.01191
4 4.01191
5 4.01191
14 4.01191
17 4.01191
0 4.1144
19 4.1144
4 4.11445
8 4.11445
0 4.21694
0 4.31948
8 4.31948
11 4.31948
18 4.31948
19 4.31948
2 4.31953
5 4.31953
8 4.31953
12 4.31953
1 4.31958
3 4.31958
4 4.31958
5 4.31958
7 4.31958
14 4.31958
17 4.31958
18 4.31958
0 4.31963
8 4.31963
11 4.31963
16 4.31963
18 4.31963
3 4.31968
5 4.31968
7 4.31968
12 4.31968
18 4.31968
0 4.31973
2 4.31973
8 4.31973
19 4.31973
4 4.31978
9 4.31978
0 4.42227
8 4.42227
11 4.42227
1 4.42232
5 4.42232
12 4.42232
14 4.42232
17 4.42232
2 4.42237
4 4.42237
0 4.52481
8 4.52481
19 4.52481
0 4.62735
8 4.62735
11 4.62735
18 4.62735
5 4.6274
12 4.6274
2 4.62745
0 4.66029
8 4.66029
19 4.66029
1 4.66034
3 4.66034
4 4.66034
5 4.66034
7 4.66034
8 4.66034
11 4.66034
14 4.66034
17 4.66034
18 4.66034
0 4.66039
16 4.66039
18 4.66039
3 4.66044
5 4.66044
7 4.66044
8 4.66044
12 4.66044
18 4.66044
0 4.66049
2 4.66049
8 4.66049
11 4.66049
19 4.66049
1 4.66054
4 4.66054
5 4.66054
14 4.66054
17 4.66054
0 4.76303
8 4.76303
0 4.86557
19 4.86557
2 4.86562
4 4.86562
8 4.86562
11 4.86562
18 4.86562
5 4.86567
12 4.86567
0 4.89846
0 5.001
8 5.001
19 5.001
1 5.00105
2 5.00105
3 5.00105
4 5.00105
5 5.00105
7 5.00105
8 5.00105
11 5.00105
12 5.00105
14 5.00105
17 5.00105
18 5.00105
0 5.0011
16 5.0011
18 5.0011
3 5.00115
5 5.00115
7 5.00115
8 5.00115
18 5.00115
0 5.0012
19 5.0012
2 5.00125
4 5.00125
8 5.00125
9 5.00125
11 5.00125
1 5.0013
5 5.0013
12 5.0013
14 5.0013
17 5.0013
4 5.00135
 4.80989
18 4.80989
0 4.80994
0 4.91248
8 4.91248
11 4.91248
19 4.91248
1 4.91253
4 4.91253
5 4.91253
12 4.91253
14 4.91253
17 4.91253
2 4.91258
8 4.91258
22
2 11.0523
0 11.1547
8 11.1547
11 11.1547
19 11.1547
0 11.2572
8 11.2572
5 11.2573
12 11.2573
2 11.2574
0 11.3597
8 11.3597
11 11.3597
18 11.3597
0 11.4159
19 11.4159
4 11.416
8 11.416
5 11.4161
12 11.4161
2 11.4162
0 11.5185
8 11.5185
11 11.5185
0 11.621
0 11.7235
8 11.7235
19 11.7235
5 11.7236
12 11.7236
2 11.7237
8 11.7237
11 11.7237
18 11.7237
0 11.7797
0 11.8823
8 11.8823
5 11.8824
12 11.8824
0 11.9848
19 11.9848
2 11.9849
4 11.9849
8 11.9849
11 11.9849
0 12.0873
0 12.1899
8 12.1899
5 12.19
12 12.19
0 12.2924
19 12.2924
2 12.2925
8 12.2925
11 12.2925
18 12.2925
0 12.3486
0 12.4511
8 12.4511
5 12.4512
12 12.4512
0 12.5537
19 12.5537
2 12.5538
4 12.5538
8 12.5538
10 12.5538
11 12.5538
18 12.5538
1 12.5539
14 12.5539
17 12.5539
4 12.554
0 12.6098
0 12.7124
8 12.7124
5 12.7125
12 12.7125
2 12.7126
0 12.8149
8 12.8149
11 12.8149
19 12.8149
0 12.9175
8 12.9175
5 12.9176
12 12.9176
2 12.9177
0 13.02
8 13.02
11 13.02
18 13.02
0 13.0762
19 13.0762
4 13.0763
8 13.0763
5 13.0764
12 13.0764
2 13.0765
0 13.1787
8 13.1787
11 13.1787
0 13.2813
0 13.3838
8 13.3838
19 13.3838
5 13.3839
12 13.3839
2 13.384
8 13.384
11 13.384
18 13.384
0 13.44
0 13.5425
8 13.5425
5 13.5426
12 13.5426
0 13.645
19 13.645
2 13.6451
4 13.6451
8 13.6451
11 13.6451
0 13.7476
0 13.8501
8 13.8501
5 13.8502
12 13.8502
0 13.9527
19 13.9527
2 13.9528
8 13.9528
11 13.9528
18 13.9528
0 14.0088
0 14.1114
8 14.1114
5 14.1115
12 14.1115
0 14.2139
19 14.2139
2 14.214
4 14.214
8 14.214
10 14.214
11 14.214
18 14.214
1 14.2141
14 14.2141
17 14.2141
4 14.2142
0 14.2701
0 14.3726
8 14.3726
5 14.3727
12 14.3727
2 14.3728
0 14.4752
8 14.4752
11 14.4752
19 14.4752
0 14.5777
8 14.5777
5 14.5778
12 14.5778
2 14.5779
0 14.6802
8 14.6802
11 14.6802
18 14.6802
0 14.7364
19 14.7364
4 14.7365
8 14.7365
5 14.7366
12 14.7366
2 14.7367
0 14.839
8 14.839
11 14.839
0 14.9415
0 15.044
8 15.044
19 15.044
5 15.0441
12 15.0441
2 15.0442
8 15.0442
11 15.0442
18 15.0442
0 15.1002
0 15.2028
8 15.2028
5 15.2029
12 15.2029
0 15.3053
19 15.3053
2 15.3054
4 15.3054
8 15.3054
11 15.3054
0 15.4078
0 15.5104
8 15.5104
5 15.5105
12 15.5105
0 15.6129
19 15.6129
2 15.613
8 15.613
11 15.613
18 15.613
0 15.6691
0 15.7716
8 15.7716
5 15.7717
12 15.7717
0 15.8742
19 15.8742
2 15.8743
4 15.8743
8 15.8743
10 15.8743
11 15.8743
18 15.8743
1 15.8744
14 15.8744
17 15.8744
4 15.8745
0 15.9303
0 16.0326
8 16.0326
5 16.0327
12 16.0327
2 16.0328
0 16.1341
8 16.1341
11 16.1341
19 16.1341
0 16.2357
8 16.2357
5 16.2358
12 16.2358
2 16.2359
0 16.3373
8 16.3373
11 16.3373
18 16.3373
0 16.3929
19 16.3929
4 16.393
8 16.393
5 16.3931
12 16.3931
2 16.3932
0 16.4945
8 16.4945
11 16.4945
0 16.596
0 16.6976
8 16.6976
19 16.6976
5 16.6977
12 16.6977
2 16.6978
8 16.6978
11 16.6978
18 16.6978
0 16.7532
0 16.8548
8 16.8548
5 16.8549
12 16.8549
0 16.9564
19 16.9564
2 16.9565
4 16.9565
8 16.9565
11 16.9565
0 17.0579
0 17.1595
8 17.1595
5 17.1596
12 17.1596
0 17.261
19 17.261
2 17.2611
8 17.2611
11 17.2611
18 17.2611
0 17.3167
0 17.4182
8 17.4182
5 17.4183
12 17.4183
0 17.5198
19 17.5198
2 17.5199
4 17.5199
8 17.5199
10 17.5199
11 17.5199
18 17.5199
1 17.52
14 17.52
17 17.52
4 17.5201
0 17.5754
0 17.677
8 17.677
5 17.6771
12 17.6771
2 17.6772
0 17.7786
8 17.7786
11 17.7786
19 17.7786
0 17.8801
8 17.8801
5 17.8802
12 17.8802
2 17.8803
0 17.9817
8 17.9817
11 17.9817
18 17.9817
0 18.0373
19 18.0373
4 18.0374
8 18.0374
5 18.0375
12 18.0375
2 18.0376
0 18.1389
8 18.1389
11 18.1389
0 18.2405
0 18.342
8 18.342
19 18.342
5 18.3421
12 18.3421
2 18.3422
8 18.3422
11 18.3422
18 18.3422
0 18.3977
0 18.4992
8 18.4992
5 18.4993
12 18.4993
0 18.6008
19 18.6008
2 18.6009
4 18.6009
8 18.6009
11 18.6009
0 18.7024
0 18.8039
8 18.8039
5 18.804
12 18.804
0 18.9055
19 18.9055
2 18.9056
8 18.9056
11 18.9056
18 18.9056
0 18.9611
0 19.0627
8 19.0627
5 19.0628
12 19.0628
0 19.1642
19 19.1642
2 19.1643
4 19.1643
8 19.1643
10 19.1643
11 19.1643
18 19.1643
1 19.1644
14 19.1644
17 19.1644
4 19.1645
0 19.2199
0 19.3214
8 19.3214
5 19.3215
12 19.3215
2 19.3216
0 19.423
8 19.423
11 19.423
19 19.423
0 19.5246
8 19.5246
5 19.5247
12 19.5247
2 19.5248
0 19.6261
8 19.6261
11 19.6261
18 19.6261
0 19.6818
19 19.6818
4 19.6819
8 19.6819
5 19.682
12 19.682
2 19.6821
0 19.7833
8 19.7833
11 19.7833
0 19.8849
0 19.9865
8 19.9865
19 19.9865
5 19.9866
12 19.9866
2 19.9867
8 19.9867
11 19.9867
18 19.9867
0 20.0421
0 20.1437
8 20.1437
5 20.1438
12 20.1438
0 20.2452
19 20.2452
2 20.2453
4 20.2453
8 20.2453
11 20.2453
0 20.3468
0 20.4484
8 20.4484
5 20.4485
12 20.4485
0 20.5499
19 20.5499
2 20.55
8 20.55
11 20.55
18 20.55
0 20.6056
0 20.7071
8 20.7071
5 20.7072
12 20.7072
0 20.8087
19 20.8087
2 20.8088
4 20.8088
8 20.8088
10 20.8088
11 20.8088
18 20.8088
1 20.8089
14 20.8089
17 20.8089
4 20.809
0 20.8643
0 20.9659
8 20.9659
5 20.966
12 20.966
2 20.9661
0 21.0675
8 21.0675
11 21.0675
19 21.0675
0 21.169
8 21.169
5 21.1691
12 21.1691
2 21.1692
0 21.2706
8 21.2706
11 21.2706
18 21.2706
0 21.3262
19 21.3262
4 21.3263
8 21.3263
5 21.3264
12 21.3264
2 21.3265
0 21.4278
8 21.4278
11 21.4278
0 21.5293
0 21.6309
8 21.6309
19 21.6309
5 21.631
12 21.631
2 21.6311
8 21.6311
11 21.6311
18 21.6311
0 21.6865
0 21.7881
8 21.7881
5 21.7882
12 21.7882
0 21.8897
19 21.8897
2 21.8898
4 21.8898
8 21.8898
11 21.8898
0 21.9912
0 22.0928
8 22.0928
5 22.0929
12 22.0929
0 22.1944
19 22.1944
2 22.1945
8 22.1945
11 22.1945
18 22.1945
0 22.25
0 22.3516
8 22.3516
5 22.3517
12 22.3517
0 22.4531
19 22.4531
2 22.4532
4 22.4532
8 22.4532
10 22.4532
11 22.4532
18 22.4532
1 22.4533
14 22.4533
17 22.4533
4 22.4534
0 22.5088
0 22.6103
8 22.6103
5 22.6104
12 22.6104
2 22.6105
0 22.7119
8 22.7119
11 22.7119
19 22.7119
0 22.8135
8 22.8135
5 22.8136
12 22.8136
2 22.8137
0 22.915
8 22.915
11 22.915
18 22.915
0 22.9707
19 22.9707
4 22.9708
8 22.9708
5 22.9709
12 22.9709
2 22.971
0 23.0722
8 23.0722
11 23.0722
0 23.1738
0 23.2753
8 23.2753
19 23.2753
5 23.2754
12 23.2754
2 23.2755
8 23.2755
11 23.2755
18 23.2755
0 23.3309
0 23.4324
8 23.4324
5 23.4325
12 23.4325
0 23.534
19 23.534
2 23.5341
4 23.5341
8 23.5341
11 23.5341
0 23.6356
0 23.7371
8 23.7371
5 23.7372
12 23.7372
0 23.8387
19 23.8387
2 23.8388
8 23.8388
11 23.8388
18 23.8388
0 23.8943
0 23.9959
8 23.9959
5 23.996
12 23.996
0 24.0975
19 24.0975
2 24.0976
4 24.0976
8 24.0976
10 24.0976
11 24.0976
18 24.0976
1 24.0977
14 24.0977
17 24.0977
4 24.0978
0 24.1531
0 24.2547
8 24.2547
5 24.2548
12 24.2548
2 24.2549
0 24.3562
8 24.3562
11 24.3562
19 24.3562
0 24.4578
8 24.4578
5 24.4579
12 24.4579
2 24.458
0 24.5594
8 24.5594
11 24.5594
18 24.5594
0 24.615
19 24.615
4 24.6151
8 24.6151
5 24.6152
12 24.6152
2 24.6153
0 24.7166
8 24.7166
11 24.7166
0 24.8181
0 24.9197
8 24.9197
19 24.9197
5 24.9198
12 24.9198
2 24.9199
8 24.9199
11 24.9199
18 24.9199
0 24.9752
0 25.0768
8 25.0768
5 25.0769
12 25.0769
0 25.1784
19 25.1784
2 25.1785
4 25.1785
8 25.1785
11 25.1785
0 25.2799
0 25.3815
8 25.3815
5 25.3816
12 25.3816
0 25.483
19 25.483
2 25.4831
8 25.4831
11 25.4831
18 25.4831
0 25.5387
0 25.6402
8 25.6402
5 25.6403
12 25.6403
0 25.7418
19 25.7418
2 25.7419
4 25.7419
8 25.7419
10 25.7419
11 25.7419
18 25.7419
1 25.742
14 25.742
17 25.742
4 25.7421
0 25.7974
0 25.899
8 25.899
5 25.8991
12 25.8991
2 25.8992
0 26.0006
8 26.0006
11 26.0006
19 26.0006
0 26.1021
8 26.1021
5 26.1022
12 26.1022
2 26.1023
0 26.2037
8 26.2037
11 26.2037
18 26.2037
0 26.2593
19 26.2593
4 26.2594
8 26.2594
5 26.2595
12 26.2595
2 26.2596
0 26.3609
8 26.3609
11 26.3609
0 26.4625
0 26.564
8 26.564
19 26.564
5 26.5641
12 26.5641
2 26.5642
8 26.5642
11 26.5642
18 26.5642
0 26.6196
0 26.7211
8 26.7211
5 26.7212
12 26.7212
0 26.8227
19 26.8227
2 26.8228
4 26.8228
8 26.8228
11 26.8228
0 26.9243
0 27.0258
8 27.0258
5 27.0259
12 27.0259
0 27.1274
19 27.1274
2 27.1275
8 27.1275
11 27.1275
18 27.1275
0 27.183
0 27.2846
8 27.2846
5 27.2847
12 27.2847
0 27.3861
19 27.3861
2 27.3862
4 27.3862
8 27.3862
10 27.3862
11 27.3862
18 27.3862
1 27.3863
14 27.3863
17 27.3863
4 27.3864
0 27.4418
0 27.5434
8 27.5434
5 27.5434
12 27.5434
2 27.5435
0 27.6449
8 27.6449
11 27.6449
19 27.6449
0 27.7465
8 27.7465
5 27.7466
12 27.7466
2 27.7467
0 27.848
8 27.848
11 27.848
18 27.848
0 27.9037
19 27.9037
4 27.9038
8 27.9038
5 27.9039
12 27.9039
2 27.904
0 28.0052
8 28.0052
11 28.0052
0 28.1068
0 28.2084
8 28.2084
19 28.2084
5 28.2085
12 28.2085
2 28.2086
8 28.2086
11 28.2086
18 28.2086
0 28.2639
0 28.3655
8 28.3655
5 28.3656
12 28.3656
0 28.467
19 28.467
2 28.4671
4 28.4671
8 28.4671
11 28.4671
0 28.5686
0 28.6702
8 28.6702
5 28.6703
12 28.6703
0 28.7717
19 28.7717
2 28.7718
8 28.7718
11 28.7718
18 28.7718
0 28.8274
0 28.9289
8 28.9289
5 28.929
12 28.929
0 29.0305
19 29.0305
2 29.0306
4 29.0306
8 29.0306
10 29.0306
11 29.0306
18 29.0306
1 29.0307
14 29.0307
17 29.0307
4 29.0308
0 29.0861
0 29.1877
8 29.1877
5 29.1878
12 29.1878
2 29.1879
0 29.2893
8 29.2893
11 29.2893
19 29.2893
0 29.3908
8 29.3908
5 29.3909
12 29.3909
2 29.391
0 29.4924
8 29.4924
11 29.4924
18 29.4924
0 29.548
19 29.548
4 29.5481
8 29.5481
5 29.5482
12 29.5482
2 29.5483
0 29.6496
8 29.6496
11 29.6496
0 29.7511
0 29.8527
8 29.8527
19 29.8527
5 29.8528
12 29.8528
2 29.8529
8 29.8529
11 29.8529
18 29.8529
0 29.9082
0 30.0098
8 30.0098
5 30.0099
12 30.0099
0 30.1114
19 30.1114
2 30.1115
4 30.1115
8 30.1115
11 30.1115
0 30.2129
0 30.3145
8 30.3145
5 30.3146
12 30.3146
0 30.4161
19 30.4161
2 30.4162
8 30.4162
11 30.4162
18 30.4162
0 30.4717
0 30.5733
8 30.5733
5 30.5734
12 30.5734
0 30.6748
19 30.6748
2 30.6749
4 30.6749
8 30.6749
10 30.6749
11 30.6749
18 30.6749
1 30.675
14 30.675
17 30.675
4 30.6751
0 30.7305
0 30.832
8 30.832
5 30.8321
12 30.8321
2 30.8322
0 30.9336
8 30.9336
11 30.9336
19 30.9336
0 31.0352
8 31.0352
5 31.0353
12 31.0353
2 31.0354
0 31.1367
8 31.1367
11 31.1367
18 31.1367
0 31.1924
19 31.1924
4 31.1925
8 31.1925
5 31.1926
12 31.1926
2 31.1927
0 31.2939
8 31.2939
11 31.2939
0 31.3955
0 31.497
8 31.497
19 31.497
5 31.4971
12 31.4971
2 31.4972
8 31.4972
11 31.4972
18 31.4972
0 31.5526
0 31.6542
8 31.6542
5 31.6543
12 31.6543
0 31.7557
19 31.7557
2 31.7558
4 31.7558
8 31.7558
11 31.7558
0 31.8573
0 31.9588
8 31.9588
5 31.9589
12 31.9589
0 32.0604
19 32.0604
2 32.0605
8 32.0605
11 32.0605
18 32.0605
0 32.116
0 32.2176
8 32.2176
5 32.2177
12 32.2177
0 32.3192
19 32.3192
2 32.3193
4 32.3193
8 32.3193
10 32.3193
11 32.3193
18 32.3193
1 32.3194
14 32.3194
17 32.3194
4 32.3195
0 32.3748
0 32.4764
8 32.4764
5 32.4765
12 32.4765
2 32.4766
0 32.5779
8 32.5779
11 32.5779
19 32.5779
0 32.6795
8 32.6795
5 32.6796
12 32.6796
2 32.6797
0 32.7811
8 32.7811
11 32.7811
18 32.7811
0 32.8367
19 32.8367
4 32.8368
8 32.8368
5 32.8369
12 32.8369
2 32.837
0 32.9383
8 32.9383
11 32.9383
0 33.0398
0 33.1414
8 33.1414
19 33.1414
5 33.1415
12 33.1415
2 33.1416
8 33.1416
11 33.1416
18 33.1416
0 33.1969
0 33.2985
8 33.2985
5 33.2986
12 33.2986
0 33.4001
19 33.4001
2 33.4002
4 33.4002
8 33.4002
11 33.4002
0 33.5016
0 33.6032
8 33.6032
5 33.6033
12 33.6033
0 33.7047
19 33.7047
2 33.7048
8 33.7048
11 33.7048
18 33.7048
0 33.7604
0 33.8619
8 33.8619
5 33.862
12 33.862
0 33.9635
19 33.9635
2 33.9636
4 33.9636
8 33.9636
10 33.9636
11 33.9636
18 33.9636
1 33.9637
14 33.9637
17 33.9637
4 33.9638
0 34.0191
0 34.1206
8 34.1206
5 34.1207
12 34.1207
2 34.1208
0 34.2222
8 34.2222
11 34.2222
19 34.2222
0 34.3237
8 34.3237
5 34.3238
12 34.3238
2 34.3239
0 34.4253
8 34.4253
11 34.4253
18 34.4253
0 34.4809
19 34.4809
4 34.481
8 34.481
5 34.4811
12 34.4811
2 34.4812
0 34.5825
8 34.5825
11 34.5825
0 34.6841
0 34.7856
8 34.7856
19 34.7856
5 34.7857
12 34.7857
2 34.7858
8 34.7858
11 34.7858
18 34.7858
0 34.8412
0 34.9427
8 34.9427
5 34.9428
12 34.9428
0 35.0443
19 35.0443
2 35.0444
4 35.0444
8 35.0444
11 35.0444
0 35.1459
0 35.2474
8 35.2474
5 35.2475
12 35.2475
0 35.349
19 35.349
2 35.3491
8 35.3491
11 35.3491
18 35.3491
0 35.4045
0 35.5061
8 35.5061
5 35.5062
12 35.5062
0 35.6077
19 35.6077
2 35.6077
4 35.6077
8 35.6077
10 35.6077
11 35.6077
18 35.6077
1 35.6078
14 35.6078
17 35.6078
4 35.6079
0 35.6632
0 35.7648
8 35.7648
5 35.7649
12 35.7649
2 35.765
0 35.8663
8 35.8663
11 35.8663
19 35.8663
0 35.9679
8 35.9679
5 35.968
12 35.968
2 35.9681
0 36.0694
8 36.0694
11 36.0694
18 36.0694
0 36.125
19 36.125
4 36.1251
8 36.1251
5 36.1252
12 36.1252
2 36.1253
0 36.2265
8 36.2265
11 36.2265
0 36.3281
0 36.4297
8 36.4297
19 36.4297
5 36.4298
12 36.4298
2 36.4299
8 36.4299
11 36.4299
18 36.4299
0 36.4852
0 36.5868
8 36.5868
5 36.5869
12 36.5869
0 36.6883
19 36.6883
2 36.6884
4 36.6884
8 36.6884
11 36.6884
0 36.7899
0 36.8915
8 36.8915
5 36.8916
12 36.8916
0 36.993
19 36.993
2 36.9931
8 36.9931
11 36.9931
18 36.9931
0 37.0486
0 37.1501
8 37.1501
5 37.1502
12 37.1502
0 37.2517
19 37.2517
2 37.2518
4 37.2518
8 37.2518
10 37.2518
11 37.2518
18 37.2518
1 37.2519
14 37.2519
17 37.2519
4 37.252
0 37.3072
0 37.4088
8 37.4088
5 37.4089
12 37.4089
2 37.409
0 37.5104
8 37.5104
11 37.5104
19 37.5104
0 37.6119
8 37.6119
5 37.612
12 37.612
2 37.6121
0 37.7135
8 37.7135
11 37.7135
18 37.7135
0 37.7691
19 37.7691
4 37.7692
8 37.7692
5 37.7693
12 37.7693
2 37.7694
0 37.8707
8 37.8707
11 37.8707
0 37.9723
0 38.0738
8 38.0738
19 38.0738
5 38.0739
12 38.0739
2 38.074
8 38.074
11 38.074
18 38.074
0 38.1294
0 38.2309
8 38.2309
5 38.231
12 38.231
0 38.3325
19 38.3325
2 38.3326
4 38.3326
8 38.3326
11 38.3326
0 38.434
0 38.5356
8 38.5356
5 38.5357
12 38.5357
0 38.6372
19 38.6372
2 38.6373
8 38.6373
11 38.6373
18 38.6373
0 38.6927
0 38.7943
8 38.7943
5 38.7944
12 38.7944
0 38.8958
19 38.8958
2 38.8959
4 38.8959
8 38.8959
10 38.8959
11 38.8959
18 38.8959
1 38.896
14 38.896
17 38.896
4 38.8961
0 38.9514
0 39.0529
8 39.0529
5 39.053
12 39.053
2 39.0531
0 39.1545
8 39.1545
11 39.1545
19 39.1545
0 39.2561
8 39.2561
5 39.2562
12 39.2562
2 39.2563
0 39.3576
8 39.3576
11 39.3576
18 39.3576
0 39.4133
19 39.4133
4 39.4134
8 39.4134
5 39.4135
12 39.4135
2 39.4136
0 39.5148
8 39.5148
11 39.5148
0 39.6164
0 39.718
8 39.718
19 39.718
5 39.7181
12 39.7181
2 39.7182
8 39.7182
11 39.7182
18 39.7182
0 39.7735
0 39.8751
8 39.8751
5 39.8752
12 39.8752
0 39.9766
19 39.9766
2 39.9767
4 39.9767
8 39.9767
11 39.9767
0 40.0782
0 40.1797
8 40.1797
5 40.1798
12 40.1798
0 40.2813
19 40.2813
2 40.2814
8 40.2814
11 40.2814
18 40.2814
0 40.3369
0 40.4384
8 40.4384
5 40.4385
12 40.4385
0 40.54
19 40.54
2 40.5401
4 40.5401
8 40.5401
10 40.5401
11 40.5401
18 40.5401
1 40.5402
14 40.5402
17 40.5402
4 40.5403
0 40.5955
0 40.6971
8 40.6971
5 40.6972
12 40.6972
2 40.6973
0 40.7986
8 40.7986
11 40.7986
19 40.7986
0 40.9002
8 40.9002
5 40.9003
12 40.9003
2 40.9004
0 41.0018
8 41.0018
11 41.0018
18 41.0018
0 41.0574
19 41.0574
4 41.0575
8 41.0575
5 41.0576
12 41.0576
2 41.0577
0 41.159
8 41.159
11 41.159
0 41.2605
0 41.3621
8 41.3621
19 41.3621
5 41.3622
12 41.3622
2 41.3623
8 41.3623
11 41.3623
18 41.3623
0 41.4176
0 41.5192
8 41.5192
5 41.5193
12 41.5193
0 41.6208
19 41.6208
2 41.6209
4 41.6209
8 41.6209
11 41.6209
0 41.7223
0 41.8239
8 41.8239
5 41.824
12 41.824
0 41.9255
19 41.9255
2 41.9256
8 41.9256
11 41.9256
18 41.9256
0 41.981
0 42.0826
8 42.0826
5 42.0827
12 42.0827
0 42.1841
19 42.1841
2 42.1842
4 42.1842
8 42.1842
10 42.1842
11 42.1842
18 42.1842
1 42.1843
14 42.1843
17 42.1843
4 42.1844
0 42.2397
0 42.3412
8 42.3412
5 42.3413
12 42.3413
2 42.3414
0 42.4428
8 42.4428
11 42.4428
19 42.4428
0 42.5443
8 42.5443
5 42.5444
12 42.5444
2 42.5445
0 42.6459
8 42.6459
11 42.6459
18 42.6459
0 42.7016
19 42.7016
4 42.7017
8 42.7017
5 42.7018
12 42.7018
2 42.7019
0 42.8031
8 42.8031
11 42.8031
0 42.9047
0 43.0062
8 43.0062
19 43.0062
5 43.0063
12 43.0063
2 43.0064
8 43.0064
11 43.0064
18 43.0064
0 43.0618
0 43.1633
8 43.1633
5 43.1634
12 43.1634
0 43.2649
19 43.2649
2 43.265
4 43.265
8 43.265
11 43.265
0 43.3665
0 43.468
8 43.468
5 43.4681
12 43.4681
0 43.5696
19 43.5696
2 43.5697
8 43.5697
11 43.5697
18 43.5697
0 43.6251
0 43.7267
8 43.7267
5 43.7268
12 43.7268
0 43.8283
19 43.8283
2 43.8284
4 43.8284
8 43.8284
10 43.8284
11 43.8284
18 43.8284
1 43.8285
14 43.8285
17 43.8285
4 43.8286
0 43.8838
0 43.9854
8 43.9854
5 43.9855
12 43.9855
2 43.9856
0 44.0869
8 44.0869
11 44.0869
19 44.0869
0 44.1885
8 44.1885
5 44.1886
12 44.1886
2 44.1887
0 44.2901
8 44.2901
11 44.2901
18 44.2901
0 44.3457
19 44.3457
4 44.3458
8 44.3458
5 44.3459
12 44.3459
2 44.346
0 44.4473
8 44.4473
11 44.4473
0 44.5488
0 44.6504
8 44.6504
19 44.6504
5 44.6505
12 44.6505
2 44.6506
8 44.6506
11 44.6506
18 44.6506
0 44.7059
0 44.8075
8 44.8075
5 44.8076
12 44.8076
0 44.909
19 44.909
2 44.9091
4 44.9091
8 44.9091
11 44.9091
0 45.0106
0 45.1122
8 45.1122
5 45.1123
12 45.1123
0 45.2137
19 45.2137
2 45.2138
8 45.2138
11 45.2138
18 45.2138
0 45.2693
0 45.3708
8 45.3708
5 45.3709
12 45.3709
0 45.4724
19 45.4724
2 45.4725
4 45.4725
8 45.4725
10 45.4725
11 45.4725
18 45.4725
1 45.4726
14 45.4726
17 45.4726
4 45.4727
0 45.5279
0 45.6295
8 45.6295
5 45.6296
12 45.6296
2 45.6297
0 45.7311
8 45.7311
11 45.7311
19 45.7311
0 45.8326
8 45.8326
5 45.8327
12 45.8327
2 45.8328
0 45.9342
8 45.9342
11 45.9342
18 45.9342
0 45.9898
19 45.9898
4 45.9899
8 45.9899
5 45.99
12 45.99
2 45.9901
0 46.0914
8 46.0914
11 46.0914
0 46.193
0 46.2945
8 46.2945
19 46.2945
5 46.2946
12 46.2946
2 46.2947
8 46.2947
11 46.2947
18 46.2947
0 46.3501
0 46.4516
8 46.4516
5 46.4517
12 46.4517
0 46.5532
19 46.5532
2 46.5533
4 46.5533
8 46.5533
11 46.5533
0 46.6548
0 46.7563
8 46.7563
5 46.7564
12 46.7564
0 46.8579
19 46.8579
2 46.858
8 46.858
11 46.858
18 46.858
0 46.9134
0 47.015
8 47.015
5 47.0151
12 47.0151
0 47.1165
19 47.1165
2 47.1166
4 47.1166
8 47.1166
10 47.1166
11 47.1166
18 47.1166
1 47.1167
14 47.1167
17 47.1167
4 47.1168
0 47.1721
0 47.2737
8 47.2737
5 47.2738
12 47.2738
2 47.2738
0 47.3752
8 47.3752
11 47.3752
19 47.3752
0 47.4768
8 47.4768
5 47.4769
12 47.4769
2 47.477
0 47.5783
8 47.5783
11 47.5783
18 47.5783
0 47.634
19 47.634
4 47.6341
8 47.6341
5 47.6342
12 47.6342
2 47.6343
0 47.7355
8 47.7355
11 47.7355
0 47.8371
0 47.9387
8 47.9387
19 47.9387
5 47.9388
12 47.9388
2 47.9389
8 47.9389
11 47.9389
18 47.9389
0 47.9942
0 48.0958
8 48.0958
5 48.0959
12 48.0959
0 48.1973
19 48.1973
2 48.1974
4 48.1974
8 48.1974
11 48.1974
0 48.2989
0 48.4005
8 48.4005
5 48.4006
12 48.4006
0 48.502
19 48.502
2 48.5021
8 48.5021
11 48.5021
18 48.5021
0 48.5576
0 48.6591
8 48.6591
5 48.6592
12 48.6592
0 48.7607
19 48.7607
2 48.7608
4 48.7608
8 48.7608
10 48.7608
11 48.7608
18 48.7608
1 48.7609
14 48.7609
17 48.7609
4 48.761
0 48.8162
0 48.9178
8 48.9178
5 48.9179
12 48.9179
2 48.918
0 49.0194
8 49.0194
11 49.0194
19 49.0194
0 49.1209
8 49.1209
5 49.121
12 49.121
2 49.1211
0 49.2225
8 49.2225
11 49.2225
18 49.2225
0 49.2781
19 49.2781
4 49.2782
8 49.2782
5 49.2783
12 49.2783
2 49.2784
0 49.3797
8 49.3797
11 49.3797
0 49.4812
0 49.5828
8 49.5828
19 49.5828
5 49.5829
12 49.5829
2 49.583
8 49.583
11 49.583
18 49.583
0 49.6384
0 49.7399
8 49.7399
5 49.74
12 49.74
0 49.8415
19 49.8415
2 49.8416
4 49.8416
8 49.8416
11 49.8416
0 49.943
0 50.0446
8 50.0446
5 50.0447
12 50.0447
0 50.1462
19 50.1462
2 50.1463
8 50.1463
11 50.1463
18 50.1463
0 50.2017
0 50.3033
8 50.3033
5 50.3034
12 50.3034
0 50.4048
19 50.4048
2 50.4049
4 50.4049
8 50.4049
10 50.4049
11 50.4049
18 50.4049
1 50.405
14 50.405
17 50.405
4 50.4051
0 50.4604
0 50.5619
8 50.5619
5 50.562
12 50.562
2 50.5621
0 50.6635
8 50.6635
11 50.6635
19 50.6635
0 50.7651
8 50.7651
5 50.7652
12 50.7652
2 50.7653
0 50.8666
8 50.8666
11 50.8666
18 50.8666
0 50.9223
19 50.9223
4 50.9224
8 50.9224
5 50.9225
12 50.9225
2 50.9226
0 51.0238
8 51.0238
11 51.0238
0 51.1254
0 51.227
8 51.227
19 51.227
5 51.2271
12 51.2271
2 51.2271
8 51.2271
11 51.2271
18 51.2271
0 51.2825
0 51.3841
8 51.3841
5 51.3842
12 51.3842
0 51.4856
19 51.4856
2 51.4857
4 51.4857
8 51.4857
11 51.4857
0 51.5872
0 51.6887
8 51.6887
5 51.6888
12 51.6888
0 51.7903
19 51.7903
2 51.7904
8 51.7904
11 51.7904
18 51.7904
0 51.8458
0 51.9474
8 51.9474
5 51.9475
12 51.9475
0 52.049
19 52.049
2 52.0491
4 52.0491
8 52.0491
10 52.0491
11 52.0491
18 52.0491
1 52.0492
14 52.0492
17 52.0492
4 52.0493
0 52.1045
0 52.2061
8 52.2061
5 52.2062
12 52.2062
2 52.2063
0 52.3076
8 52.3076
11 52.3076
19 52.3076
0 52.4092
8 52.4092
5 52.4093
12 52.4093
2 52.4094
0 52.5108
8 52.5108
11 52.5108
18 52.5108
0 52.5664
19 52.5664
4 52.5665
8 52.5665
5 52.5666
12 52.5666
2 52.5667
0 52.668
8 52.668
11 52.668
0 52.7695
0 52.8711
8 52.8711
19 52.8711
5 52.8712
12 52.8712
2 52.8713
8 52.8713
11 52.8713
18 52.8713
0 52.9266
0 53.0282
8 53.0282
5 53.0283
12 53.0283
0 53.1298
19 53.1298
2 53.1299
4 53.1299
8 53.1299
11 53.1299
0 53.2313
0 53.3329
8 53.3329
5 53.333
12 53.333
0 53.4344
19 53.4344
2 53.4345
8 53.4345
11 53.4345
18 53.4345
0 53.49
0 53.5916
8 53.5916
5 53.5917
12 53.5917
0 53.6931
19 53.6931
2 53.6932
4 53.6932
8 53.6932
10 53.6932
11 53.6932
18 53.6932
1 53.6933
14 53.6933
17 53.6933
4 53.6934
0 53.7487
0 53.8502
8 53.8502
5 53.8503
12 53.8503
2 53.8504
0 53.9518
8 53.9518
11 53.9518
19 53.9518
0 54.0533
8 54.0533
5 54.0534
12 54.0534
2 54.0535
0 54.1549
8 54.1549
11 54.1549
18 54.1549
0 54.2105
19 54.2105
4 54.2106
8 54.2106
5 54.2107
12 54.2107
2 54.2108
0 54.3121
8 54.3121
11 54.3121
0 54.4137
0 54.5152
8 54.5152
19 54.5152
5 54.5153
12 54.5153
2 54.5154
8 54.5154
11 54.5154
18 54.5154
0 54.5708
0 54.6723
8 54.6723
5 54.6724
12 54.6724
0 54.7739
19 54.7739
2 54.774
4 54.774
8 54.774
11 54.774
0 54.8755
0 54.977
8 54.977
5 54.9771
12 54.9771
0 55.0786
19 55.0786
2 55.0787
8 55.0787
11 55.0787
18 55.0787
0 55.1341
0 55.2357
8 55.2357
5 55.2358
12 55.2358
0 55.3373
19 55.3373
2 55.3374
4 55.3374
8 55.3374
10 55.3374
11 55.3374
18 55.3374
1 55.3375
14 55.3375
17 55.3375
4 55.3376
0 55.3928
0 55.4944
8 55.4944
5 55.4945
12 55.4945
2 55.4946
0 55.5959
8 55.5959
11 55.5959
19 55.5959
0 55.6975
8 55.6975
5 55.6976
12 55.6976
2 55.6977
0 55.799
8 55.799
11 55.799
18 55.799
0 55.8547
19 55.8547
4 55.8548
8 55.8548
5 55.8549
12 55.8549
2 55.855
0 55.9563
8 55.9563
11 55.9563
0 56.0578
0 56.1594
8 56.1594
19 56.1594
5 56.1595
12 56.1595
2 56.1596
8 56.1596
11 56.1596
18 56.1596
0 56.2149
0 56.3165
8 56.3165
5 56.3166
12 56.3166
0 56.418
19 56.418
2 56.4181
4 56.4181
8 56.4181
11 56.4181
0 56.5196
0 56.6212
8 56.6212
5 56.6213
12 56.6213
0 56.7227
19 56.7227
2 56.7228
8 56.7228
11 56.7228
18 56.7228
0 56.7783
0 56.8798
8 56.8798
5 56.8799
12 56.8799
0 56.9814
19 56.9814
2 56.9815
4 56.9815
8 56.9815
10 56.9815
11 56.9815
18 56.9815
1 56.9816
14 56.9816
17 56.9816
4 56.9817
0 57.0369
0 57.1385
8 57.1385
5 57.1386
12 57.1386
2 57.1387
0 57.2401
8 57.2401
11 57.2401
19 57.2401
0 57.3416
8 57.3416
5 57.3417
12 57.3417
2 57.3418
0 57.4432
8 57.4432
11 57.4432
18 57.4432
0 57.4988
19 57.4988
4 57.4989
8 57.4989
5 57.499
12 57.499
2 57.4991
0 57.6004
8 57.6004
11 57.6004
0 57.702
0 57.8035
8 57.8035
19 57.8035
5 57.8036
12 57.8036
2 57.8037
8 57.8037
11 57.8037
18 57.8037
0 57.8591
0 57.9606
8 57.9606
5 57.9607
12 57.9607
0 58.0622
19 58.0622
2 58.0623
4 58.0623
8 58.0623
11 58.0623
0 58.1637
0 58.2653
8 58.2653
5 58.2654
12 58.2654
0 58.3669
19 58.3669
2 58.367
8 58.367
11 58.367
18 58.367
0 58.4224
0 58.524
8 58.524
5 58.5241
12 58.5241
0 58.6255
19 58.6255
2 58.6256
4 58.6256
8 58.6256
10 58.6256
11 58.6256
18 58.6256
1 58.6257
14 58.6257
17 58.6257
4 58.6258
0 58.6811
0 58.7826
8 58.7826
5 58.7827
12 58.7827
2 58.7828
0 58.8842
8 58.8842
11 58.8842
19 58.8842
0 58.9858
8 58.9858
5 58.9859
12 58.9859
2 58.986
0 59.0873
8 59.0873
11 59.0873
18 59.0873
0 59.143
19 59.143
4 59.1431
8 59.1431
5 59.1432
12 59.1432
2 59.1433
0 59.2445
8 59.2445
11 59.2445
0 59.3461
0 59.4477
8 59.4477
19 59.4477
5 59.4478
12 59.4478
2 59.4479
8 59.4479
11 59.4479
18 59.4479
0 59.5032
0 59.6048
8 59.6048
5 59.6049
12 59.6049
0 59.7063
19 59.7063
2 59.7064
4 59.7064
8 59.7064
11 59.7064
0 59.8079
0 59.9095
8 59.9095
5 59.9096
12 59.9096
0 60.011
19 60.011
2 60.0111
8 60.0111
11 60.0111
18 60.0111
0 60.0666
0 60.1681
8 60.1681
5 60.1682
12 60.1682
0 60.2697
19 60.2697
2 60.2698
4 60.2698
8 60.2698
10 60.2698
11 60.2698
18 60.2698
1 60.2699
14 60.2699
17 60.2699
4 60.27
0 60.3252
0 60.4268
8 60.4268
5 60.4269
12 60.4269
2 60.427
0 60.5284
8 60.5284
11 60.5284
19 60.5284
0 60.6299
8 60.6299
5 60.63
12 60.63
2 60.6301
0 60.7315
8 60.7315
11 60.7315
18 60.7315
0 60.7871
19 60.7871
4 60.7872
8 60.7872
5 60.7873
12 60.7873
2 60.7874
0 60.8887
8 60.8887
11 60.8887
0 60.9902
0 61.0918
8 61.0918
19 61.0918
5 61.0919
12 61.0919
2 61.092
8 61.092
11 61.092
18 61.092
0 61.1473
0 61.2489
8 61.2489
5 61.249
12 61.249
0 61.3505
19 61.3505
2 61.3506
4 61.3506
8 61.3506
11 61.3506
0 61.452
0 61.5536
8 61.5536
5 61.5537
12 61.5537
0 61.6552
19 61.6552
2 61.6553
8 61.6553
11 61.6553
18 61.6553
0 61.7107
0 61.8123
8 61.8123
5 61.8124
12 61.8124
0 61.9138
19 61.9138
2 61.9139
4 61.9139
8 61.9139
10 61.9139
11 61.9139
18 61.9139
1 61.914
14 61.914
17 61.914
4 61.9141
0 61.9694
0 62.0709
8 62.0709
5 62.071
12 62.071
2 62.0711
0 62.1725
8 62.1725
11 62.1725
19 62.1725
0 62.2741
8 62.2741
5 62.2742
12 62.2742
2 62.2743
0 62.3756
8 62.3756
11 62.3756
18 62.3756
0 62.4313
19 62.4313
4 62.4314
8 62.4314
5 62.4315
12 62.4315
2 62.4316
0 62.5328
8 62.5328
11 62.5328
0 62.6344
0 62.7359
8 62.7359
19 62.7359
5 62.736
12 62.736
2 62.7361
8 62.7361
11 62.7361
18 62.7361
0 62.7915
0 62.8931
8 62.8931
5 62.8932
12 62.8932
0 62.9946
19 62.9946
2 62.9947
4 62.9947
8 62.9947
11 62.9947
0 63.0962
0 63.1977
8 63.1977
5 63.1978
12 63.1978
0 63.2993
19 63.2993
2 63.2994
8 63.2994
11 63.2994
18 63.2994
0 63.3548
0 63.4564
8 63.4564
5 63.4565
12 63.4565
0 63.558
19 63.558
2 63.5581
4 63.5581
8 63.5581
10 63.5581
11 63.5581
18 63.5581
1 63.5582
14 63.5582
17 63.5582
4 63.5583
0 63.6135
0 63.7151
8 63.7151
5 63.7152
12 63.7152
2 63.7153
0 63.8166
8 63.8166
11 63.8166
19 63.8166
0 63.9182
8 63.9182
5 63.9183
12 63.9183
2 63.9184
0 64.0198
8 64.0198
11 64.0198
18 64.0198
0 64.0754
19 64.0754
4 64.0755
8 64.0755
5 64.0756
12 64.0756
2 64.0757
0 64.177
8 64.177
11 64.177
0 64.2785
0 64.3801
8 64.3801
19 64.3801
5 64.3802
12 64.3802
2 64.3803
8 64.3803
11 64.3803
18 64.3803
0 64.4356
0 64.5372
8 64.5372
5 64.5373
12 64.5373
0 64.6388
19 64.6388
2 64.6389
4 64.6389
8 64.6389
11 64.6389
0 64.7403
0 64.8419
8 64.8419
5 64.842
12 64.842
0 64.9434
19 64.9434
2 64.9435
8 64.9435
11 64.9435
18 64.9435
0 64.999
0 65.1005
8 65.1005
5 65.1006
12 65.1006
0 65.2021
19 65.2021
2 65.2022
4 65.2022
8 65.2022
10 65.2022
11 65.2022
18 65.2022
1 65.2023
14 65.2023
17 65.2023
4 65.2024
0 65.2577
0 65.3592
8 65.3592
5 65.3593
12 65.3593
2 65.3594
0 65.4608
8 65.4608
11 65.4608
19 65.4608
0 65.5623
8 65.5623
5 65.5624
12 65.5624
2 65.5625
0 65.6639
8 65.6639
11 65.6639
18 65.6639
0 65.7195
19 65.7195
4 65.7196
8 65.7196
5 65.7197
12 65.7197
2 65.7198
0 65.8211
8 65.8211
11 65.8211
0 65.9227
0 66.0242
8 66.0242
19 66.0242
5 66.0243
12 66.0243
2 66.0244
8 66.0244
11 66.0244
18 66.0244
0 66.0798
0 66.1813
8 66.1813
5 66.1814
12 66.1814
0 66.2829
19 66.2829
2 66.283
4 66.283
8 66.283
11 66.283
0 66.3845
0 66.486
8 66.486
5 66.4861
12 66.4861
0 66.5876
19 66.5876
2 66.5877
8 66.5877
11 66.5877
18 66.5877
0 66.6431
0 66.7447
8 66.7447
5 66.7448
12 66.7448
0 66.8463
19 66.8463
2 66.8464
4 66.8464
8 66.8464
10 66.8464
11 66.8464
18 66.8464
1 66.8465
14 66.8465
17 66.8465
4 66.8465
0 66.9018
0 67.0034
8 67.0034
5 67.0035
12 67.0035
2 67.0036
0 67.1049
8 67.1049
11 67.1049
19 67.1049
0 67.2065
8 67.2065
5 67.2066
12 67.2066
2 67.2067
0 67.308
8 67.308
11 67.308
18 67.308
0 67.3637
19 67.3637
4 67.3638
8 67.3638
5 67.3639
12 67.3639
2 67.364
0 67.4652
8 67.4652
11 67.4652
0 67.5668
0 67.6684
8 67.6684
19 67.6684
5 67.6685
12 67.6685
2 67.6686
8 67.6686
11 67.6686
18 67.6686
0 67.7239
0 67.8255
8 67.8255
5 67.8256
12 67.8256
0 67.927
19 67.927
2 67.9271
4 67.9271
8 67.9271
11 67.9271
0 68.0286
0 68.1302
8 68.1302
5 68.1303
12 68.1303
0 68.2317
19 68.2317
2 68.2318
8 68.2318
11 68.2318
18 68.2318
0 68.2873
0 68.3888
8 68.3888
5 68.3889
12 68.3889
0 68.4904
19 68.4904
2 68.4905
4 68.4905
8 68.4905
10 68.4905
11 68.4905
18 68.4905
1 68.4906
14 68.4906
17 68.4906
4 68.4907
0 68.5459
0 68.6475
8 68.6475
5 68.6476
12 68.6476
2 68.6477
0 68.7491
8 68.7491
11 68.7491
19 68.7491
0 68.8506
8 68.8506
5 68.8507
12 68.8507
2 68.8508
0 68.9522
8 68.9522
11 68.9522
18 68.9522
0 69.0078
19 69.0078
4 69.0079
8 69.0079
5 69.008
12 69.008
2 69.0081
0 69.1094
8 69.1094
11 69.1094
0 69.211
0 69.3125
8 69.3125
19 69.3125
5 69.3126
12 69.3126
2 69.3127
8 69.3127
11 69.3127
18 69.3127
0 69.3681
0 69.4696
8 69.4696
5 69.4697
12 69.4697
0 69.5712
19 69.5712
2 69.5713
4 69.5713
8 69.5713
11 69.5713
0 69.6727
0 69.7743
8 69.7743
5 69.7744
12 69.7744
0 69.8759
19 69.8759
2 69.876
8 69.876
11 69.876
18 69.876
0 69.9314
0 70.033
8 70.033
5 70.0331
12 70.0331
0 70.1345
19 70.1345
2 70.1346
4 70.1346
8 70.1346
10 70.1346
11 70.1346
18 70.1346
1 70.1347
14 70.1347
17 70.1347
4 70.1348
0 70.1901
0 70.2916
8 70.2916
5 70.2917
12 70.2917
2 70.2918
0 70.3932
8 70.3932
11 70.3932
19 70.3932
0 70.4948
8 70.4948
5 70.4949
12 70.4949
2 70.495
0 70.5963
8 70.5963
11 70.5963
18 70.5963
0 70.652
19 70.652
4 70.6521
8 70.6521
5 70.6522
12 70.6522
2 70.6523
0 70.7535
8 70.7535
11 70.7535
0 70.8551
0 70.9567
8 70.9567
19 70.9567
5 70.9568
12 70.9568
2 70.9569
8 70.9569
11 70.9569
18 70.9569
0 71.0122
0 71.1138
8 71.1138
5 71.1139
12 71.1139
0 71.2153
19 71.2153
2 71.2154
4 71.2154
8 71.2154
11 71.2154
0 71.3169
0 71.4184
8 71.4184
5 71.4185
12 71.4185
0 71.52
19 71.52
2 71.5201
8 71.5201
11 71.5201
18 71.5201
0 71.5756
0 71.6771
8 71.6771
5 71.6772
12 71.6772
0 71.7787
19 71.7787
2 71.7788
4 71.7788
8 71.7788
10 71.7788
11 71.7788
18 71.7788
1 71.7789
14 71.7789
17 71.7789
4 71.779
0 71.8342
0 71.9358
8 71.9358
5 71.9359
12 71.9359
2 71.936
0 72.0373
8 72.0373
11 72.0373
19 72.0373
0 72.1389
8 72.1389
5 72.139
12 72.139
2 72.1391
0 72.2405
8 72.2405
11 72.2405
18 72.2405
0 72.2961
19 72.2961
4 72.2962
8 72.2962
5 72.2963
12 72.2963
2 72.2964
0 72.3977
8 72.3977
11 72.3977
0 72.4992
0 72.6008
8 72.6008
19 72.6008
5 72.6009
12 72.6009
2 72.601
8 72.601
11 72.601
18 72.601
0 72.6563
0 72.7579
8 72.7579
5 72.758
12 72.758
0 72.8595
19 72.8595
2 72.8596
4 72.8596
8 72.8596
11 72.8596
0 72.961
0 73.0626
8 73.0626
5 73.0627
12 73.0627
0 73.1642
19 73.1642
2 73.1643
8 73.1643
11 73.1643
18 73.1643
0 73.2197
0 73.3213
8 73.3213
5 73.3214
12 73.3214
0 73.4228
19 73.4228
2 73.4229
4 73.4229
8 73.4229
10 73.4229
11 73.4229
18 73.4229
1 73.423
14 73.423
17 73.423
4 73.4231
0 73.4784
0 73.5799
8 73.5799
5 73.58
12 73.58
2 73.5801
0 73.6815
8 73.6815
11 73.6815
19 73.6815
0 73.7831
8 73.7831
5 73.7831
12 73.7831
2 73.7832
0 73.8846
8 73.8846
11 73.8846
18 73.8846
0 73.9403
19 73.9403
4 73.9404
8 73.9404
5 73.9405
12 73.9405
2 73.9406
0 74.0418
8 74.0418
11 74.0418
0 74.1434
0 74.2449
8 74.2449
19 74.2449
5 74.245
12 74.245
2 74.2451
8 74.2451
11 74.2451
18 74.2451
0 74.3005
0 74.402
8 74.402
5 74.4021
12 74.4021
0 74.5036
19 74.5036
2 74.5037
4 74.5037
8 74.5037
11 74.5037
0 74.6052
0 74.7067
8 74.7067
5 74.7068
12 74.7068
0 74.8083
19 74.8083
2 74.8084
8 74.8084
11 74.8084
18 74.8084
0 74.8638
0 74.9654
8 74.9654
5 74.9655
12 74.9655
0 75.067
19 75.067
2 75.0671
4 75.0671
8 75.0671
10 75.0671
11 75.0671
18 75.0671
1 75.0672
14 75.0672
17 75.0672
4 75.0673
0 75.1225
0 75.2241
8 75.2241
5 75.2242
12 75.2242
2 75.2243
0 75.3256
8 75.3256
11 75.3256
19 75.3256
0 75.4272
8 75.4272
5 75.4273
12 75.4273
2 75.4274
0 75.5288
8 75.5288
11 75.5288
18 75.5288
0 75.5844
19 75.5844
4 75.5845
8 75.5845
5 75.5846
12 75.5846
2 75.5847
0 75.686
8 75.686
11 75.686
0 75.7875
0 75.8891
8 75.8891
19 75.8891
5 75.8892
12 75.8892
2 75.8893
8 75.8893
11 75.8893
18 75.8893
0 75.9446
0 76.0462
8 76.0462
5 76.0463
12 76.0463
0 76.1478
19 76.1478
2 76.1479
4 76.1479
8 76.1479
11 76.1479
0 76.2493
0 76.3509
8 76.3509
5 76.351
12 76.351
0 76.4524
19 76.4524
2 76.4525
8 76.4525
11 76.4525
18 76.4525
0 76.508
0 76.6095
8 76.6095
5 76.6096
12 76.6096
0 76.7111
19 76.7111
2 76.7112
4 76.7112
8 76.7112
10 76.7112
11 76.7112
18 76.7112
1 76.7113
14 76.7113
17 76.7113
4 76.7114
0 76.7666
0 76.8682
8 76.8682
5 76.8683
12 76.8683
2 76.8684
0 76.9698
8 76.9698
11 76.9698
19 76.9698
0 77.0713
8 77.0713
5 77.0714
12 77.0714
2 77.0715
0 77.1729
8 77.1729
11 77.1729
18 77.1729
0 77.2285
19 77.2285
4 77.2286
8 77.2286
5 77.2287
12 77.2287
2 77.2288
0 77.3301
8 77.3301
11 77.3301
0 77.4317
0 77.5332
8 77.5332
19 77.5332
5 77.5333
12 77.5333
2 77.5334
8 77.5334
11 77.5334
18 77.5334
0 77.5888
0 77.6903
8 77.6903
5 77.6904
12 77.6904
0 77.7919
19 77.7919
2 77.792
4 77.792
8 77.792
11 77.792
0 77.8935
0 77.995
8 77.995
5 77.9951
12 77.9951
0 78.0966
19 78.0966
2 78.0967
8 78.0967
11 78.0967
18 78.0967
0 78.1521
0 78.2537
8 78.2537
5 78.2538
12 78.2538
0 78.3552
19 78.3552
2 78.3553
4 78.3553
8 78.3553
10 78.3553
11 78.3553
18 78.3553
1 78.3554
14 78.3554
17 78.3554
4 78.3555
0 78.4108
0 78.5124
8 78.5124
5 78.5125
12 78.5125
2 78.5126
0 78.6139
8 78.6139
11 78.6139
19 78.6139
0 78.7155
8 78.7155
5 78.7156
12 78.7156
2 78.7157
0 78.817
8 78.817
11 78.817
18 78.817
0 78.8727
19 78.8727
4 78.8728
8 78.8728
5 78.8729
12 78.8729
2 78.873
0 78.9742
8 78.9742
11 78.9742
0 79.0758
0 79.1774
8 79.1774
19 79.1774
5 79.1775
12 79.1775
2 79.1776
8 79.1776
11 79.1776
18 79.1776
0 79.2329
0 79.3345
8 79.3345
5 79.3346
12 79.3346
0 79.436
19 79.436
2 79.4361
4 79.4361
8 79.4361
11 79.4361
0 79.5376
0 79.6392
8 79.6392
5 79.6393
12 79.6393
0 79.7407
19 79.7407
2 79.7408
8 79.7408
11 79.7408
18 79.7408
0 79.7963
0 79.8978
8 79.8978
5 79.8979
12 79.8979
0 79.9994
19 79.9994
2 79.9995
4 79.9995
8 79.9995
10 79.9995
11 79.9995
18 79.9995
1 79.9996
14 79.9996
17 79.9996
4 79.9997
0 80.0549
0 80.1565
8 80.1565
5 80.1566
12 80.1566
2 80.1567
0 80.2581
8 80.2581
11 80.2581
19 80.2581
0 80.3596
8 80.3596
5 80.3597
12 80.3597
2 80.3598
0 80.4612
8 80.4612
11 80.4612
18 80.4612
0 80.5168
19 80.5168
4 80.5169
8 80.5169
5 80.517
12 80.517
2 80.5171
0 80.6184
8 80.6184
11 80.6184
0 80.7199
0 80.8215
8 80.8215
19 80.8215
5 80.8216
12 80.8216
2 80.8217
8 80.8217
11 80.8217
18 80.8217
0 80.8771
0 80.9786
8 80.9786
5 80.9787
12 80.9787
0 81.0802
19 81.0802
2 81.0803
4 81.0803
8 81.0803
11 81.0803
0 81.1817
0 81.2833
8 81.2833
5 81.2834
12 81.2834
0 81.3849
19 81.3849
2 81.385
8 81.385
11 81.385
18 81.385
0 81.4404
0 81.542
8 81.542
5 81.5421
12 81.5421
0 81.6435
19 81.6435
2 81.6436
4 81.6436
8 81.6436
10 81.6436
11 81.6436
18 81.6436
1 81.6437
14 81.6437
17 81.6437
4 81.6438
0 81.6991
0 81.8006
8 81.8006
5 81.8007
12 81.8007
2 81.8008
0 81.9022
8 81.9022
11 81.9022
19 81.9022
0 82.0038
8 82.0038
5 82.0039
12 82.0039
2 82.004
0 82.1053
8 82.1053
11 82.1053
18 82.1053
0 82.161
19 82.161
4 82.1611
8 82.1611
5 82.1612
12 82.1612
2 82.1613
0 82.2625
8 82.2625
11 82.2625
0 82.3641
0 82.4657
8 82.4657
19 82.4657
5 82.4658
12 82.4658
2 82.4659
8 82.4659
11 82.4659
18 82.4659
0 82.5212
0 82.6228
8 82.6228
5 82.6229
12 82.6229
0 82.7243
19 82.7243
2 82.7244
4 82.7244
8 82.7244
11 82.7244
0 82.8259
0 82.9274
8 82.9274
5 82.9275
12 82.9275
0 83.029
19 83.029
2 83.0291
8 83.0291
11 83.0291
18 83.0291
0 83.0845
0 83.1861
8 83.1861
5 83.1862
12 83.1862
0 83.2877
19 83.2877
2 83.2878
4 83.2878
8 83.2878
10 83.2878
11 83.2878
18 83.2878
1 83.2879
14 83.2879
17 83.2879
4 83.288
0 83.3432
0 83.4448
8 83.4448
5 83.4449
12 83.4449
2 83.445
0 83.5463
8 83.5463
11 83.5463
19 83.5463
0 83.6479
8 83.6479
5 83.648
12 83.648
2 83.6481
0 83.7495
8 83.7495
11 83.7495
18 83.7495
0 83.8051
19 83.8051
4 83.8052
8 83.8052
5 83.8053
12 83.8053
2 83.8054
0 83.9067
8 83.9067
11 83.9067
0 84.0082
0 84.1098
8 84.1098
19 84.1098
5 84.1099
12 84.1099
2 84.11
8 84.11
11 84.11
18 84.11
0 84.1653
0 84.2669
8 84.2669
5 84.267
12 84.267
0 84.3685
19 84.3685
2 84.3686
4 84.3686
8 84.3686
11 84.3686
0 84.47
0 84.5716
8 84.5716
5 84.5717
12 84.5717
0 84.6731
19 84.6731
2 84.6732
8 84.6732
11 84.6732
18 84.6732
0 84.7287
0 84.8303
8 84.8303
5 84.8304
12 84.8304
0 84.9318
19 84.9318
2 84.9319
4 84.9319
8 84.9319
10 84.9319
11 84.9319
18 84.9319
1 84.932
14 84.932
17 84.932
4 84.9321
0 84.9874
0 85.0889
8 85.0889
5 85.089
12 85.089
2 85.0891
0 85.1905
8 85.1905
11 85.1905
19 85.1905
0 85.292
8 85.292
5 85.2921
12 85.2921
2 85.2922
0 85.3936
8 85.3936
11 85.3936
18 85.3936
0 85.4492
19 85.4492
4 85.4493
8 85.4493
5 85.4494
12 85.4494
2 85.4495
0 85.5508
8 85.5508
11 85.5508
0 85.6524
0 85.7539
8 85.7539
19 85.7539
5 85.754
12 85.754
2 85.7541
8 85.7541
11 85.7541
18 85.7541
0 85.8095
0 85.911
8 85.911
5 85.9111
12 85.9111
0 86.0126
19 86.0126
2 86.0127
4 86.0127
8 86.0127
11 86.0127
0 86.1142
0 86.2157
8 86.2157
5 86.2158
12 86.2158
0 86.3173
19 86.3173
2 86.3174
8 86.3174
11 86.3174
18 86.3174
0 86.3728
0 86.4744
8 86.4744
5 86.4745
12 86.4745
0 86.576
19 86.576
2 86.5761
4 86.5761
8 86.5761
10 86.5761
11 86.5761
18 86.5761
1 86.5762
14 86.5762
17 86.5762
4 86.5763
0 86.6315
0 86.7331
8 86.7331
5 86.7332
12 86.7332
2 86.7333
0 86.8346
8 86.8346
11 86.8346
19 86.8346
0 86.9362
8 86.9362
5 86.9363
12 86.9363
2 86.9364
0 87.0378
8 87.0378
11 87.0378
18 87.0378
0 87.0934
19 87.0934
4 87.0935
8 87.0935
5 87.0936
12 87.0936
2 87.0937
0 87.195
8 87.195
11 87.195
0 87.2965
0 87.3981
8 87.3981
19 87.3981
5 87.3982
12 87.3982
2 87.3983
8 87.3983
11 87.3983
18 87.3983
0 87.4536
0 87.5552
8 87.5552
5 87.5553
12 87.5553
0 87.6567
19 87.6567
2 87.6568
4 87.6568
8 87.6568
11 87.6568
0 87.7583
0 87.8599
8 87.8599
5 87.86
12 87.86
0 87.9614
19 87.9614
2 87.9615
8 87.9615
11 87.9615
18 87.9615
0 88.017
0 88.1185
8 88.1185
5 88.1186
12 88.1186
0 88.2201
19 88.2201
2 88.2202
4 88.2202
8 88.2202
10 88.2202
11 88.2202
18 88.2202
1 88.2203
14 88.2203
17 88.2203
4 88.2204
0 88.2756
0 88.3772
8 88.3772
5 88.3773
12 88.3773
2 88.3774
0 88.4788
8 88.4788
11 88.4788
19 88.4788
0 88.5803
8 88.5803
5 88.5804
12 88.5804
2 88.5805
0 88.6819
8 88.6819
11 88.6819
18 88.6819
0 88.7375
19 88.7375
4 88.7376
8 88.7376
5 88.7377
12 88.7377
2 88.7378
0 88.8391
8 88.8391
11 88.8391
0 88.9407
0 89.0422
8 89.0422
19 89.0422
5 89.0423
12 89.0423
2 89.0424
8 89.0424
11 89.0424
18 89.0424
0 89.0978
0 89.1993
8 89.1993
5 89.1994
12 89.1994
0 89.3009
19 89.3009
2 89.301
4 89.301
8 89.301
11 89.301
0 89.4025
0 89.504
8 89.504
5 89.5041
12 89.5041
0 89.6056
19 89.6056
2 89.6057
8 89.6057
11 89.6057
18 89.6057
0 89.6611
0 89.7627
8 89.7627
5 89.7628
12 89.7628
0 89.8642
19 89.8642
2 89.8643
4 89.8643
8 89.8643
10 89.8643
11 89.8643
18 89.8643
1 89.8644
14 89.8644
17 89.8644
4 89.8645
0 89.9198
0 90.0213
8 90.0213
5 90.0214
12 90.0214
2 90.0215
0 90.1229
8 90.1229
11 90.1229
19 90.1229
0 90.2245
8 90.2245
5 90.2246
12 90.2246
2 90.2247
0 90.326
8 90.326
11 90.326
18 90.326
0 90.3817
19 90.3817
4 90.3818
8 90.3818
5 90.3819
12 90.3819
2 90.382
0 90.4832
8 90.4832
11 90.4832
0 90.5848
0 90.6864
8 90.6864
19 90.6864
5 90.6865
12 90.6865
2 90.6866
8 90.6866
11 90.6866
18 90.6866
0 90.7419
0 90.8435
8 90.8435
5 90.8436
12 90.8436
0 90.945
19 90.945
2 90.9451
4 90.9451
8 90.9451
11 90.9451
0 91.0466
0 91.1482
8 91.1482
5 91.1483
12 91.1483
0 91.2497
19 91.2497
2 91.2498
8 91.2498
11 91.2498
18 91.2498
0 91.3053
0 91.4068
8 91.4068
5 91.4069
12 91.4069
0 91.5084
19 91.5084
2 91.5085
4 91.5085
8 91.5085
10 91.5085
11 91.5085
18 91.5085
1 91.5086
14 91.5086
17 91.5086
4 91.5087
0 91.5639
0 91.6655
8 91.6655
5 91.6656
12 91.6656
2 91.6657
0 91.7671
8 91.7671
11 91.7671
19 91.7671
0 91.8686
8 91.8686
5 91.8687
12 91.8687
2 91.8688
0 91.9702
8 91.9702
11 91.9702
18 91.9702
0 92.0258
19 92.0258
4 92.0259
8 92.0259
5 92.026
12 92.026
2 92.0261
0 92.1274
8 92.1274
11 92.1274
0 92.2289
0 92.3305
8 92.3305
19 92.3305
5 92.3306
12 92.3306
2 92.3307
8 92.3307
11 92.3307
18 92.3307
0 92.386
0 92.4876
8 92.4876
5 92.4877
12 92.4877
0 92.5892
19 92.5892
2 92.5893
4 92.5893
8 92.5893
11 92.5893
0 92.6907
0 92.7923
8 92.7923
5 92.7924
12 92.7924
0 92.8939
19 92.8939
2 92.894
8 92.894
11 92.894
18 92.894
0 92.9494
0 93.051
8 93.051
5 93.0511
12 93.0511
0 93.1525
19 93.1525
2 93.1526
4 93.1526
8 93.1526
10 93.1526
11 93.1526
18 93.1526
1 93.1527
14 93.1527
17 93.1527
4 93.1528
0 93.2081
0 93.3096
8 93.3096
5 93.3097
12 93.3097
2 93.3098
0 93.4112
8 93.4112
11 93.4112
19 93.4112
0 93.5128
8 93.5128
5 93.5129
12 93.5129
2 93.513
0 93.6143
8 93.6143
11 93.6143
18 93.6143
0 93.67
19 93.67
4 93.6701
8 93.6701
5 93.6702
12 93.6702
2 93.6703
0 93.7715
8 93.7715
11 93.7715
0 93.8731
0 93.9746
8 93.9746
19 93.9746
5 93.9747
12 93.9747
2 93.9748
8 93.9748
11 93.9748
18 93.9748
0 94.0302
0 94.1318
8 94.1318
5 94.1319
12 94.1319
0 94.2333
19 94.2333
2 94.2334
4 94.2334
8 94.2334
11 94.2334
0 94.3349
0 94.4364
8 94.4364
5 94.4365
12 94.4365
0 94.538
19 94.538
2 94.5381
8 94.5381
11 94.5381
18 94.5381
0 94.5935
0 94.6951
8 94.6951
5 94.6952
12 94.6952
0 94.7967
19 94.7967
2 94.7968
4 94.7968
8 94.7968
10 94.7968
11 94.7968
18 94.7968
1 94.7969
14 94.7969
17 94.7969
4 94.797
0 94.8522
0 94.9538
8 94.9538
5 94.9539
12 94.9539
2 94.954
0 95.0553
8 95.0553
11 95.0553
19 95.0553
0 95.1569
8 95.1569
5 95.157
12 95.157
2 95.1571
0 95.2585
8 95.2585
11 95.2585
18 95.2585
0 95.3141
19 95.3141
4 95.3142
8 95.3142
5 95.3143
12 95.3143
2 95.3144
0 95.4157
8 95.4157
11 95.4157
0 95.5172
0 95.6188
8 95.6188
19 95.6188
5 95.6189
12 95.6189
2 95.619
8 95.619
11 95.619
18 95.619
0 95.6743
0 95.7759
8 95.7759
5 95.776
12 95.776
0 95.8775
19 95.8775
2 95.8776
4 95.8776
8 95.8776
11 95.8776
0 95.979
0 96.0806
8 96.0806
5 96.0807
12 96.0807
0 96.1821
19 96.1821
2 96.1822
8 96.1822
11 96.1822
18 96.1822
0 96.2377
0 96.3392
8 96.3392
5 96.3393
12 96.3393
0 96.4408
19 96.4408
2 96.4409
4 96.4409
8 96.4409
10 96.4409
11 96.4409
18 96.4409
1 96.441
14 96.441
17 96.441
4 96.4411
0 96.4964
0 96.5979
8 96.5979
5 96.598
12 96.598
2 96.5981
0 96.6995
8 96.6995
11 96.6995
19 96.6995
0 96.801
8 96.801
5 96.8011
12 96.8011
2 96.8012
0 96.9026
8 96.9026
11 96.9026
18 96.9026
0 96.9582
19 96.9582
4 96.9583
8 96.9583
5 96.9584
12 96.9584
2 96.9585
0 97.0598
8 97.0598
11 97.0598
0 97.1614
0 97.2629
8 97.2629
19 97.2629
5 97.263
12 97.263
2 97.2631
8 97.2631
11 97.2631
18 97.2631
0 97.3185
0 97.42
8 97.42
5 97.4201
12 97.4201
0 97.5216
19 97.5216
2 97.5217
4 97.5217
8 97.5217
11 97.5217
0 97.6232
0 97.7247
8 97.7247
5 97.7248
12 97.7248
0 97.8263
19 97.8263
2 97.8264
8 97.8264
11 97.8264
18 97.8264
0 97.8818
0 97.9834
8 97.9834
5 97.9835
12 97.9835
0 98.085
19 98.085
2 98.0851
4 98.0851
8 98.0851
10 98.0851
11 98.0851
18 98.0851
1 98.0852
14 98.0852
17 98.0852
4 98.0853
0 98.1405
0 98.2421
8 98.2421
5 98.2422
12 98.2422
2 98.2423
0 98.3436
8 98.3436
11 98.3436
19 98.3436
0 98.4452
8 98.4452
5 98.4453
12 98.4453
2 98.4454
0 98.5467
8 98.5467
11 98.5467
18 98.5467
0 98.6024
19 98.6024
4 98.6025
8 98.6025
5 98.6026
12 98.6026
2 98.6027
0 98.7039
8 98.7039
11 98.7039
0 98.8055
0 98.9071
8 98.9071
19 98.9071
5 98.9072
12 98.9072
2 98.9073
8 98.9073
11 98.9073
18 98.9073
0 98.9626
0 99.0642
8 99.0642
5 99.0643
12 99.0643
0 99.1657
19 99.1657
2 99.1658
4 99.1658
8 99.1658
11 99.1658
0 99.2673
