0 0.031
0 0.0816008
0 0.132202
5 0.132202
8 0.132202
6 0.132302
0 0.182803
0 0.233403
0 0.283999
5 0.283999
7 0.283999
9 0.283999
0 0.334592
0 0.385186
5 0.385186
8 0.385186
6 0.385286
0 0.435779
5 0.435779
0 0.486372
5 0.486372
8 0.486372
9 0.486372
6 0.486472
0 0.536977
5 0.536977
0 0.587585
5 0.587585
8 0.587585
1 0.587685
6 0.587685
0 0.638194
5 0.638194
9 0.638194
0 0.688802
5 0.688802
8 0.688802
6 0.688902
0 0.73941
5 0.73941
7 0.73941
0 0.790019
5 0.790019
9 0.790019
0 0.840627
5 0.840627
0 0.891236
5 0.891236
0 0.941844
5 0.941844
9 0.941844
6 0.941944
0 0.992452
5 0.992452
0 1.04306
5 1.04306
9 1.04306
0 1.09367
5 1.09367
0 1.14428
5 1.14428
9 1.14428
6 1.14438
0 1.19489
5 1.19489
7 1.19489
9 1.19489
0 1.24549
5 1.24549
9 1.24549
0 1.2961
5 1.2961
9 1.2961
0 1.34671
5 1.34671
9 1.34671
0 1.39732
5 1.39732
9 1.39732
0 1.44793
5 1.44793
9 1.44793
0 1.49854
5 1.49854
9 1.49854
0 1.54914
5 1.54914
9 1.54914
0 1.59975
5 1.59975
9 1.59975
0 1.65036
5 1.65036
7 1.65036
9 1.65036
0 1.70097
5 1.70097
9 1.70097
0 1.75158
5 1.75158
9 1.75158
0 1.80219
5 1.80219
9 1.80219
0 1.8528
5 1.8528
9 1.8528
0 1.9034
5 1.9034
9 1.9034
0 1.95401
5 1.95401
9 1.95401
0 2.00461
5 2.00461
9 2.00461
0 2.05516
5 2.05516
9 2.05516
0 2.10571
5 2.10571
7 2.10571
9 2.10571
0 2.15626
5 2.15626
9 2.15626
0 2.20681
5 2.20681
9 2.20681
0 2.25735
5 2.25735
9 2.25735
0 2.3079
5 2.3079
9 2.3079
0 2.35845
5 2.35845
9 2.35845
0 2.409
5 2.409
9 2.409
0 2.45955
5 2.45955
9 2.45955
0 2.5101
5 2.5101
9 2.5101
0 2.56064
5 2.56064
7 2.56064
9 2.56064
0 2.61119
5 2.61119
9 2.61119
0 2.66174
5 2.66174
9 2.66174
0 2.71229
5 2.71229
9 2.71229
0 2.76284
5 2.76284
9 2.76284
0 2.81338
5 2.81338
9 2.81338
0 2.86393
5 2.86393
9 2.86393
0 2.91448
5 2.91448
9 2.91448
0 2.96503
5 2.96503
9 2.96503
0 3.01558
5 3.01558
7 3.01558
9 3.01558
0 3.06612
5 3.06612
9 3.06612
0 3.11667
5 3.11667
9 3.11667
0 3.16722
5 3.16722
9 3.16722
0 3.21777
5 3.21777
9 3.21777
0 3.26832
5 3.26832
9 3.26832
0 3.31886
5 3.31886
9 3.31886
0 3.36941
5 3.36941
9 3.36941
0 3.41996
5 3.41996
9 3.41996
0 3.47051
5 3.47051
7 3.47051
9 3.47051
0 3.52106
5 3.52106
9 3.52106
0 3.5716
5 3.5716
9 3.5716
0 3.62215
5 3.62215
9 3.62215
0 3.6727
5 3.6727
9 3.6727
0 3.72325
5 3.72325
9 3.72325
0 3.7738
5 3.7738
9 3.7738
0 3.82435
5 3.82435
9 3.82435
0 3.87489
5 3.87489
9 3.87489
0 3.92544
5 3.92544
7 3.92544
9 3.92544
0 3.97599
5 3.97599
9 3.97599
0 4.0266
5 4.0266
9 4.0266
0 4.07727
5 4.07727
9 4.07727
0 4.12794
5 4.12794
9 4.12794
0 4.17861
5 4.17861
9 4.17861
0 4.22928
5 4.22928
9 4.22928
0 4.27994
5 4.27994
9 4.27994
0 4.33061
5 4.33061
9 4.33061
0 4.38128
5 4.38128
7 4.38128
9 4.38128
0 4.43195
5 4.43195
9 4.43195
0 4.48262
5 4.48262
9 4.48262
0 4.53329
5 4.53329
9 4.53329
0 4.58396
5 4.58396
9 4.58396
0 4.63463
5 4.63463
9 4.63463
0 4.68529
5 4.68529
9 4.68529
0 4.73596
5 4.73596
9 4.73596
0 4.78663
5 4.78663
9 4.78663
0 4.8373
5 4.8373
7 4.8373
9 4.8373
0 4.88797
5 4.88797
9 4.88797
0 4.93864
5 4.93864
9 4.93864
0 4.98931
5 4.98931
9 4.98931
0 5.03998
5 5.03998
9 5.03998
0 5.09064
5 5.09064
9 5.09064
0 5.14131
5 5.14131
9 5.14131
0 5.19198
5 5.19198
9 5.19198
0 5.24265
5 5.24265
9 5.24265
0 5.29332
5 5.29332
7 5.29332
9 5.29332
0 5.34399
5 5.34399
9 5.34399
0 5.39466
5 5.39466
9 5.39466
0 5.44532
5 5.44532
9 5.44532
0 5.49599
5 5.49599
9 5.49599
0 5.54666
5 5.54666
9 5.54666
0 5.59733
5 5.59733
9 5.59733
0 5.648
5 5.648
9 5.648
0 5.69867
5 5.69867
9 5.69867
0 5.74934
5 5.74934
7 5.74934
9 5.74934
0 5.80001
5 5.80001
9 5.80001
0 5.85067
5 5.85067
9 5.85067
0 5.90134
5 5.90134
9 5.90134
0 5.95201
5 5.95201
9 5.95201
0 6.00268
5 6.00268
9 6.00268
0 6.05335
5 6.05335
9 6.05335
0 6.10402
5 6.10402
9 6.10402
0 6.15469
5 6.15469
9 6.15469
0 6.20536
5 6.20536
7 6.20536
9 6.20536
0 6.25602
5 6.25602
9 6.25602
0 6.30669
5 6.30669
9 6.30669
0 6.35736
5 6.35736
9 6.35736
0 6.40803
5 6.40803
9 6.40803
0 6.4587
5 6.4587
9 6.4587
0 6.50937
5 6.50937
9 6.50937
0 6.56004
5 6.56004
9 6.56004
0 6.61071
5 6.61071
9 6.61071
0 6.66137
5 6.66137
7 6.66137
9 6.66137
0 6.71204
5 6.71204
9 6.71204
0 6.76271
5 6.76271
9 6.76271
0 6.81338
5 6.81338
9 6.81338
0 6.86405
5 6.86405
9 6.86405
0 6.91472
5 6.91472
9 6.91472
0 6.96539
5 6.96539
9 6.96539
0 7.01606
5 7.01606
9 7.01606
0 7.06672
5 7.06672
9 7.06672
0 7.11739
5 7.11739
7 7.11739
9 7.11739
0 7.16806
5 7.16806
9 7.16806
0 7.21873
5 7.21873
9 7.21873
0 7.2694
5 7.2694
9 7.2694
0 7.32007
5 7.32007
9 7.32007
0 7.37074
5 7.37074
9 7.37074
0 7.4214
5 7.4214
9 7.4214
0 7.47207
5 7.47207
9 7.47207
0 7.52274
5 7.52274
9 7.52274
0 7.57341
5 7.57341
7 7.57341
9 7.57341
0 7.62408
5 7.62408
9 7.62408
0 7.67475
5 7.67475
9 7.67475
0 7.72542
5 7.72542
9 7.72542
0 7.77609
5 7.77609
9 7.77609
0 7.82675
5 7.82675
9 7.82675
0 7.87742
5 7.87742
9 7.87742
0 7.92809
5 7.92809
9 7.92809
0 7.97876
5 7.97876
9 7.97876
0 8.02943
5 8.02943
7 8.02943
9 8.02943
0 8.0801
5 8.0801
9 8.0801
0 8.13077
5 8.13077
9 8.13077
0 8.18144
5 8.18144
9 8.18144
0 8.2321
5 8.2321
9 8.2321
0 8.28277
5 8.28277
9 8.28277
0 8.33344
5 8.33344
9 8.33344
0 8.38411
5 8.38411
9 8.38411
0 8.43478
5 8.43478
9 8.43478
0 8.48545
5 8.48545
7 8.48545
9 8.48545
0 8.53612
5 8.53612
9 8.53612
0 8.58679
5 8.58679
9 8.58679
0 8.63745
5 8.63745
9 8.63745
0 8.68812
5 8.68812
9 8.68812
0 8.73879
5 8.73879
9 8.73879
0 8.78946
5 8.78946
9 8.78946
0 8.84013
5 8.84013
9 8.84013
0 8.8908
5 8.8908
9 8.8908
0 8.94147
5 8.94147
7 8.94147
9 8.94147
0 8.99214
5 8.99214
9 8.99214
0 9.0428
5 9.0428
9 9.0428
0 9.09347
5 9.09347
9 9.09347
0 9.14414
5 9.14414
9 9.14414
0 9.19481
5 9.19481
9 9.19481
0 9.24548
5 9.24548
9 9.24548
0 9.29615
5 9.29615
9 9.29615
0 9.34682
5 9.34682
9 9.34682
0 9.39748
5 9.39748
7 9.39748
9 9.39748
0 9.44815
5 9.44815
9 9.44815
0 9.49882
5 9.49882
9 9.49882
0 9.54949
5 9.54949
9 9.54949
0 9.60016
5 9.60016
9 9.60016
0 9.65083
5 9.65083
9 9.65083
0 9.7015
5 9.7015
9 9.7015
0 9.75217
5 9.75217
9 9.75217
0 9.80283
5 9.80283
9 9.80283
0 9.8535
5 9.8535
7 9.8535
9 9.8535
0 9.90417
5 9.90417
9 9.90417
0 9.95484
5 9.95484
9 9.95484
0 10.0055
5 10.0055
9 10.0055
